complex_id,split,subgroup,dG,mmgbsa_estimate,dG_pred,dG_pred_correction_mmgbsa,dG_pred_corrected_from_mmgbsa
1A22__A__B,train,other,-12.334439277648926,,-12.502166782460058,,
1AK4__A__D,train,other,-6.709835052490234,,-6.791336927164968,,
1BD2__ABC__DE,train,tcr_pmhc,-7.89567756652832,,-7.846759250297231,,
1C4Z__ABC__D,train,other,-7.228275775909424,,-8.585667364448694,,
1E50__A__B,train,other,-10.709230422973633,,-10.094189039846976,,
1EMV__A__B,train,other,-18.735225677490234,,-15.75257139043456,,
1FCC__A__C,train,other,-9.026483535766602,,-10.043602866606967,,
1GCQ__AB__C,train,other,-6.510580539703369,,-7.156614141111793,,
1JTD__A__B,train,other,-16.01441192626953,,-16.602392049349863,,
1KBH__A__B,train,other,-10.183781623840332,,-9.551895215952719,,
1LFD__A__B,train,other,-8.09859848022461,,-7.703010423550762,,
1MI5__ABC__DE,train,tcr_pmhc,-6.6856608390808105,,-6.576930562805288,,
1OHZ__A__B,train,other,-12.22283172607422,,-12.460805489870733,,
1WQJ__I__B,train,other,-11.233111381530762,,-10.495700827596178,,
2DVW__A__B,train,other,-9.779436111450195,,-8.932771376830772,,
2GOX__A__B,train,other,-12.07279109954834,,-13.551388499042377,,
2REX__A__B,train,other,-7.171834468841553,,-7.977808375648049,,
2WPT__A__B,train,other,-10.668374061584473,,-10.578244815428796,,
3BP8__A__C,train,other,-11.430728912353516,,-11.291114077245842,,
3EG5__A__B,train,other,-7.914167404174805,,-7.974704803043201,,
3G6D__HL__A,train,other,-14.63807201385498,,-13.325830078724197,,
3HH2__AB__C,train,other,-11.182096481323242,,-9.81348960621253,,
3M63__A__B,train,other,-9.21352767944336,,-10.001485007878266,,
3QHY__A__B,train,other,-17.07570457458496,,-16.349174575110453,,
3S9D__A__B,train,other,-10.908485412597656,,-10.495680839988623,,
3SE9__HL__G,train,other,-10.539793968200684,,-9.519659612994632,,
3VR6__ABCDEF__GH,train,other,-11.9937162399292,,-10.606393382457824,,
4CVW__A__C,train,other,-14.14932918548584,,-15.390192899381177,,
4HFK__A__BD,train,other,-13.049612998962402,,-13.70440682060592,,
4J2L__A__CD,train,other,-9.617270469665527,,-9.885598179545395,,
4JPK__HL__A,train,other,-10.036506652832031,,-9.094776570049099,,
4P5T__CD__AB,train,tcr_pmhc,-7.120307445526123,,-5.698854024850435,,
4UYP__A__D,train,other,-15.078248023986816,,-15.207203897009355,,
4YEB__A__B,train,other,-10.597747802734377,,-11.311315173147614,,
5CXB__A__B,train,other,-11.683855056762695,,-13.411660319860378,,
5K39__A__B,train,other,-11.320324897766112,,-10.230617401823057,,
5XCO__A__B,train,other,-10.977495193481444,,-11.10839290015728,,
2HKF__HL__P,train,antibody_antigen,-8.879390716552734,,-9.626351231289613,,
3G5Y__AB__E,train,antibody_antigen,-9.293904304504396,,-9.34523582413673,,
3T2N__HL__A,train,antibody_antigen,-10.501916885375977,,-10.72227145120799,,
1TET__HL__P,train,antibody_antigen,-8.240230560302734,,-9.830584448592496,,
1NBY__AB__C,train,antibody_antigen,-5.513517379760742,,-9.75115044284124,,
2HFG__HL__R,train,antibody_antigen,-12.58087921142578,,-11.258542501044126,,
2XRA__HL__A,train,antibody_antigen,-11.570841789245604,,-10.635159877368807,,
2EH8__HL__P,train,antibody_antigen,-11.294501304626465,,-10.987547791775631,,
3MJ9__HL__A,train,antibody_antigen,-11.06960105895996,,-11.709721697488405,,
1AKJ__AB__DE,train,tcr_pmhc,-5.337104320526123,,-6.821195892413292,,
1UUG__A__B,train,other,-17.85417938232422,,-16.089610419169666,,
2I25__N__L,train,other,-12.360586166381836,,-11.717405229586543,,
1GXD__A__C,train,other,-11.377227783203123,,-11.39939869374559,,
1A2K__C__AB,train,other,-9.37194538116455,,-9.75296219803756,,
1RV6__VW__X,train,other,-13.953917503356934,,-13.285785387152895,,
1ZLI__A__B,train,other,-12.12277603149414,,-14.275570562736995,,
1RLB__ABCD__E,train,other,-8.23399829864502,,-8.432537142762584,,
1JWH__CD__A,train,other,-11.191540718078612,,-10.800313660397961,,
3BX7__A__C,train,other,-10.97087860107422,,-11.821029509982782,,
2HQS__A__H,train,other,-10.221593856811523,,-10.083763483436943,,
4IZ7__A__B,train,other,-9.438971519470217,,-9.02628205077749,,
3E3Q__AC__DE,train,tcr_pmhc,-9.461792945861816,,-10.687024555749208,,
4QOK__AC__DE,train,tcr_pmhc,-7.082088470458984,,-6.700750496692356,,
3DXA__AC__DE,train,tcr_pmhc,-8.898818016052246,,-8.571394180160684,,
5W08__KL__C,train,antibody_antigen,-10.092617988586426,,-11.121668365784751,,
4J8R__AB__I,train,antibody_antigen,-10.503296852111816,,-9.853555749206674,,
5NQW__C__B,train,antibody_antigen,-12.07886791229248,,-11.24761048340963,,
4KXZ__PQ__D,train,antibody_antigen,-11.627311706542969,,-11.65494404388416,,
5C0S__HL__A,train,antibody_antigen,-11.068830490112305,,-11.414919769920957,,
5NH3__IM__B,train,antibody_antigen,-12.294440269470217,,-10.264186544999742,,
3EO1__GH__I,train,antibody_antigen,-13.099581718444824,,-12.991888488270178,,
5N88__A__D,train,antibody_antigen,-8.17782974243164,,-8.502335747372008,,
4JAN__AB__I,train,antibody_antigen,-10.503296852111816,,-10.64890884967517,,
5T6P__CD__E,train,antibody_antigen,-8.261221885681152,,-9.415966950747546,,
4D9R__HL__A,train,antibody_antigen,-15.549605369567873,,-13.403040778490208,,
4R3S__AB__Q,train,antibody_antigen,-11.216632843017578,,-10.843216243896293,,
6A0Z__HL__A,train,antibody_antigen,-9.925885200500488,,-12.121868216836962,,
6FLB__HL__G,train,antibody_antigen,-12.278223037719728,,-11.415995697231155,,
3LH2__KO__V,train,antibody_antigen,-11.2575101852417,,-10.95227621751966,,
4U6V__HL__A,train,antibody_antigen,-15.00671672821045,,-14.534496438108645,,
4QTI__HL__U,train,antibody_antigen,-10.592657089233398,,-10.190270543117288,,
4RDQ__FG__E,train,antibody_antigen,-10.673744201660156,,-10.393362584448335,,
4EIZ__C__B,train,antibody_antigen,-11.627311706542969,,-11.587303453870089,,
4M1D__IM__Q,train,antibody_antigen,-10.420490264892578,,-10.314400721515165,,
2J5L__BC__A,train,antibody_antigen,-9.704584121704102,,-9.703044571101415,,
5HVG__B__A,train,antibody_antigen,-12.551972389221191,,-11.973601732674172,,
5YHL__HL__A,train,antibody_antigen,-10.56572151184082,,-8.45917599833399,,
6AXK__AB__E,train,antibody_antigen,-8.88902473449707,,-10.16539048364515,,
5MYX__AB__E,train,antibody_antigen,-11.138134956359863,,-11.061318948490877,,
4LIQ__HL__E,train,antibody_antigen,-13.23179054260254,,-12.552247632870388,,
3UX9__BB__A,train,antibody_antigen,-12.451045036315918,,-13.537519806262573,,
5DO2__HL__A,train,antibody_antigen,-9.263898849487305,,-10.097175435290174,,
6CBP__AA__P,train,antibody_antigen,-7.032559394836426,,-8.43138275826513,,
5OTJ__HL__C,train,antibody_antigen,-13.328081130981444,,-13.262408218664184,,
4BKL__AB__EFG,train,antibody_antigen,-8.952528953552246,,-10.571748368897566,,
6B0S__HL__C,train,antibody_antigen,-9.208094596862791,,-10.257229567014848,,
5NMV__HL__K,train,antibody_antigen,-12.278223037719728,,-12.297054923725954,,
3SKJ__HL__E,train,antibody_antigen,-12.403072357177734,,-11.946926280289581,,
5W0K__HL__A,train,antibody_antigen,-9.7712984085083,,-9.79078571097386,,
3V6Z__CD__E,train,antibody_antigen,-11.570841789245604,,-11.330815943975091,,
5CIN__HL__P,train,antibody_antigen,-10.56572151184082,,-10.489893771901468,,
2Y36__HL__P,train,antibody_antigen,-8.758761405944824,,-9.121149701027578,,
4K3J__HL__B,train,antibody_antigen,-12.17020034790039,,-10.54498767770308,,
1KXQ__H__A,train,antibody_antigen,-11.535980224609377,,-11.242017176150284,,
6DBG__C__B,train,other,-13.40223789215088,,-12.447857508652053,,
3PC8__A__C,train,other,-9.537996292114258,,-9.423863399931017,,
5VNW__D__A,train,other,-8.685522079467773,,-9.489871282848453,,
1XQS__A__C,train,other,-7.076467514038086,,-8.050276700131626,,
1JMO__A__HL,train,other,-9.441706657409668,,-9.784885333366697,,
5WHK__HL__AB,train,antibody_antigen,-11.92668628692627,,-10.88354100457745,,
1AXI__A__B,train,other,-10.714621543884276,,-10.66322360202846,,
1C9P__B__A,train,other,-12.278223037719728,,-11.595688691101124,,
1DIT__P__HL,train,other,-16.37096405029297,,-14.612339974398726,,
1G9I__I__E,train,other,-9.441706657409668,,-7.820612048876647,,
1I5K__CD__AB,train,other,-10.06371021270752,,-11.016433935885694,,
1MXE__A__E,train,other,-16.37096405029297,,-18.053539011847036,,
1QTY__XY__VW,train,other,-15.00671672821045,,-13.806784729653742,,
1SB0__B__A,train,other,-6.581003189086914,,-7.5870397956727516,,
1T0P__A__B,train,other,-6.278346538543701,,-6.840206038343879,,
1TE1__B__A,train,other,-11.553154945373535,,-11.66341474902012,,
1VEU__A__B,train,other,-10.767715454101562,,-10.782248214262188,,
1WA7__B__A,train,other,-6.8466572761535645,,-6.860764879437004,,
1X1U__D__A,train,other,-10.749483108520508,,-11.44502486574747,,
1XR0__B__A,train,other,-6.821235179901123,,-6.857655151821946,,
1Y8N__B__A,train,other,-8.092459678649902,,-7.517797068318558,,
1YYM__HL__G,train,antibody_antigen,-6.852874279022217,,-7.725630722166958,,
2A24__B__A,train,other,-6.170323848724365,,-7.195674523148138,,
2AST__CD__AB,train,other,-7.032559394836426,,-8.651733218999754,,
2CJS__C__AB,train,other,-9.549729347229004,,-9.32863303284305,,
2DX5__B__A,train,other,-4.749607086181641,,-6.023992587362851,,
2F9Z__A__C,train,other,-8.247906684875488,,-8.763005185884325,,
2G81__I__E,train,other,-10.731796264648438,,-10.978341095858285,,
2HD5__B__A,train,other,-7.575448036193848,,-6.242998535875076,,
2IXQ__B__A,train,other,-8.396806716918945,,-7.877099152078477,,
2K5B__B__A,train,other,-7.364123344421387,,-7.364742043665343,,
2KBW__B__A,train,other,-8.860579490661621,,-8.392579337859207,,
2KWU__A__B,train,other,-5.8559346199035645,,-6.014768935051627,,
2L1L__A__B,train,other,-11.125300407409668,,-11.248884374999532,,
2LNH__BC__A,train,other,-10.092617988586426,,-9.749635626820554,,
2LZ6__B__A,train,other,-6.713212490081787,,-6.764366828327465,,
2M86__A__B,train,other,-11.71209716796875,,-11.194104413893696,,
2MRO__B__A,train,other,-5.2167558670043945,,-5.011127945899851,,
2P5T__B__A,train,other,-12.278223037719728,,-10.903831740460074,,
2POP__B__A,train,other,-7.335216045379639,,-8.558246654515148,,
2RA3__CI__AB,train,other,-14.59603786468506,,-12.210115728749749,,
2RUK__B__A,train,other,-6.2973713874816895,,-6.810268366846526,,
2V8S__E__V,train,other,-6.354085922241211,,-7.258306338176151,,
2VOH__B__A,train,other,-12.278223037719728,,-12.762411088970936,,
2WUC__HL__A,train,antibody_antigen,-9.26756763458252,,-9.212402334674566,,
2X1W__AB__MN,train,other,-10.635505676269531,,-11.309632176433682,,
2Z8W__D__A,train,other,-11.361315727233888,,-10.779228309117695,,
3BEG__B__A,train,other,-9.960408210754396,,-11.561413415070609,,
3BPO__B__AC,train,other,-10.503296852111816,,-11.091142139804752,,
3CHW__P__A,train,other,-9.882776260375977,,-10.389243708299993,,
3DCO__AB__N,train,other,-6.733298301696777,,-9.864335794584196,,
3F5C__A__BC,train,other,-8.247906684875488,,-8.457476125919763,,
3FPU__B__A,train,other,-13.53444766998291,,-13.976131196169728,,
3GJN__AD__BC,train,other,-16.37096405029297,,-13.102570170724807,,
3H7B__C__A,train,tcr_pmhc,-5.985246658325195,,-5.5637527048636075,,
3HO5__H__B,train,other,-9.082579612731934,,-7.120454908776416,,
3IM4__C__AB,train,other,-9.984594345092772,,-9.063355836950977,,
3K1R__B__A,train,other,-12.278223037719728,,-12.120083911126136,,
3KJ0__B__A,train,other,-11.867544174194336,,-10.729479612997043,,
3KZ0__C__A,train,other,-8.954695701599121,,-9.316183135125863,,
3LK2__T__AB,train,other,-9.549729347229004,,-10.294507593038002,,
3O9W__CD__AB,train,tcr_pmhc,-7.104464054107666,,-7.818174681583979,,
3OL2__B__A,train,other,-7.175444602966309,,-7.979410299948849,,
3OUN__B__A,train,other,-9.872471809387209,,-8.776631658760493,,
3P8M__CD__AB,train,other,-11.125300407409668,,-11.969150745804516,,
3Q4F__GH__AB,train,other,-7.349493503570557,,-7.586184691262435,,
3QEQ__AC__DE,train,tcr_pmhc,-5.142598628997803,,-6.302325224509278,,
3R0L__ABC__D,train,other,-11.387080192565918,,-10.73446241612093,,
3SCM__AB__CD,train,tcr_pmhc,-7.528675556182861,,-7.182862396685307,,
3T0Y__BD__AC,train,other,-9.160158157348633,,-7.916827084450814,,
3U9D__B__A,train,other,-8.596160888671875,,-10.058308081126144,,
3UKZ__C__B,train,other,-11.759521484375,,-11.685886467870189,,
3WKN__EF__BC,train,other,-11.99975299835205,,-11.238532216685892,,
3ZWL__E__B,train,other,-9.271259307861328,,-10.201108831341388,,
4AG2__C__A,train,other,-11.197205543518066,,-10.269258556159622,,
4B1X__M__B,train,other,-7.315788745880127,,-8.611617796634851,,
4BQ6__EF__B,train,other,-10.325489044189451,,-10.09736537396055,,
4C1N__CJ__D,train,other,-10.56243896484375,,-10.027168794657465,,
4C9B__B__A,train,other,-10.295537948608398,,-9.91403242209845,,
4DCN__CD__AB,train,other,-7.478100776672363,,-7.942094795079269,,
4DJZ__H__AB,train,other,-11.125300407409668,,-11.081303793097089,,
4DT1__B__A,train,other,-8.52901554107666,,-8.225207575516013,,
4EDW__HL__V,train,other,-10.913975715637209,,-11.09456610905006,,
4EN3__AB__CD,train,tcr_pmhc,-7.6425933837890625,,-7.950605037508005,,
4FQ0__C__B,train,other,-8.267992973327637,,-8.890775498535339,,
4G3Y__C__HL,train,other,-10.99648666381836,,-10.499916633855207,,
4GN4__B__A,train,other,-8.999773025512695,,-9.737965016180858,,
4IIQ__C__AB,train,tcr_pmhc,-6.1508965492248535,,-7.3106816087394115,,
4IU3__B__A,train,other,-10.479205131530762,,-10.046116270992636,,
4JE4__B__A,train,other,-10.714621543884276,,-11.16428065543695,,
4JRY__DE__AC,train,tcr_pmhc,-6.278346538543701,,-6.69879715847303,,
4KGQ__CD__AB,train,other,-10.155041694641112,,-9.94330681153041,,
4LQF__HL__A,train,antibody_antigen,-13.902277946472168,,-12.79289245735969,,
4ML7__B__A,train,other,-13.053983688354492,,-13.495380193578834,,
4P1N__CD__AB,train,other,-8.79079532623291,,-7.770907716362449,,
4PER__A__B,train,other,-20.46370506286621,,-19.44941873607849,,
4PJB__AB__EF,train,tcr_pmhc,-6.877112865447998,,-7.840376095045378,,
4PL8__H__AB,train,other,-8.860579490661621,,-9.912466925430133,,
4PZ6__Q__A,train,other,-9.110142707824709,,-9.994622926136701,,
4RGM__HL__S,train,antibody_antigen,-10.42307186126709,,-12.596989383053076,,
4TQ1__B__A,train,other,-4.714745044708252,,-5.1851608730353,,
4U97__B__A,train,other,-7.6425933837890625,,-9.009953019823802,,
4UWX__C__A,train,other,-7.04108476638794,,-8.862557925309599,,
4XHU__C__D,train,other,-10.34784984588623,,-9.839987562577695,,
4YYP__B__A,train,other,-8.939695358276367,,-8.722059543981453,,
4ZFF__C__AB,train,other,-11.324655532836914,,-11.490259526828243,,
4ZPT__R__AB,train,other,-10.91813850402832,,-11.352117142315619,,
5BNQ__R__A,train,other,-13.379000663757324,,-11.931850581602896,,
5C09__ABC__DE,train,tcr_pmhc,-4.635629653930664,,-4.451781497944176,,
5CJS__EF__JK,train,other,-10.944366455078123,,-9.561592436159543,,
5D1L__B__A,train,other,-9.34615707397461,,-9.149698616289703,,
5D7L__GH__AB,train,tcr_pmhc,-6.79799747467041,,-6.4011219748660615,,
5EU6__ABC__DE,train,tcr_pmhc,-7.09498405456543,,-7.373862147462267,,
5FCU__HL__G,train,antibody_antigen,-11.216632843017578,,-11.656073280005568,,
5GIM__CD__AB,train,other,-12.637843132019045,,-12.996073604885524,,
5IJ0__B__A,train,other,-6.960896968841553,,-6.905234067580253,,
5JDO__DE__A,train,other,-11.627311706542969,,-10.82364842081147,,
5KHO__A__C,train,other,-8.247906684875488,,-8.304944725221512,,
5KY0__B__A,train,other,-7.076467514038086,,-9.169532023879963,,
5LGK__E__AB,train,other,-8.077459335327148,,-9.557506928068262,,
1A4Y__A__B,train,other,-20.863882064819336,,-17.315372532599092,,
1AO7__ABC__DE,train,tcr_pmhc,-7.416268348693848,,-6.82567096601125,,
1CBW__FGH__I,train,other,-10.593104362487791,,-9.479862991418184,,
1E96__A__B,train,other,-9.259526252746582,,-10.015044671790807,,
1FFW__A__B,train,other,-8.073395729064941,,-8.75760616413118,,
1IAR__A__B,train,other,-13.349920272827148,,-12.356393383311644,,
1JTG__A__B,train,other,-13.5791654586792,,-13.813014818594512,,
1KIP__AB__C,train,other,-10.696675300598145,,-10.138882108222777,,
1LP9__ABC__EF,train,tcr_pmhc,-6.86077880859375,,-7.047921162190545,,
1MLC__AB__E,train,other,-11.394659042358398,,-12.101722858847037,,
1PPF__E__I,train,other,-13.16355800628662,,-13.532312830550879,,
1S1Q__A__B,train,other,-4.286464214324951,,-4.346269332369518,,
2AK4__ABC__DE,train,tcr_pmhc,-6.4471306800842285,,-5.271793443173069,,
2B42__A__B,train,other,-12.10883903503418,,-13.246789412845718,,
2C0L__A__B,train,other,-9.716901779174805,,-10.656122270879713,,
2E7L__EQ__AD,train,tcr_pmhc,-10.149932861328123,,-10.738450361703212,,
2HLE__A__B,train,other,-10.087539672851562,,-10.103202292162083,,
2J12__A__B,train,other,-10.49801254272461,,-8.98409187482389,,
2OI9__AQ__BC,train,tcr_pmhc,-7.90303373336792,,-8.523195012845484,,
2SIC__E__I,train,other,-14.651087760925291,,-15.315415610388829,,
3BT1__A__U,train,other,-12.327895164489746,,-12.5243461118995,,
3H9S__ABC__DE,train,tcr_pmhc,-7.34579610824585,,-6.656631656386871,,
3LB6__A__C,train,other,-18.818967819213867,,-15.692127640384522,,
3MZG__A__B,train,other,-6.5035719871521,,-7.765245760738896,,
3NPS__A__BC,train,other,-13.843450546264648,,-14.20662019895465,,
3QIB__ABP__CD,train,tcr_pmhc,-6.631376266479492,,-7.1042310050737685,,
3SEK__B__C,train,other,-12.116677284240724,,-10.92730874926128,,
3UIG__A__P,train,other,-7.252449989318848,,-7.5981334708351795,,
4E6K__AB__G,train,other,-7.399093627929687,,-8.124164724591495,,
4GNK__A__B,train,other,-9.078010559082031,,-9.450637723176255,,
4HRN__A__D,train,other,-11.565020561218262,,-13.112066957157996,,
4JEU__A__B,train,other,-12.07279109954834,,-13.87470821333104,,
4K71__A__BC,train,other,-11.621461868286133,,-11.981891870547997,,
4L0P__A__B,train,other,-10.97087860107422,,-10.726328556706969,,
4N8V__G__ABC,train,tcr_pmhc,-6.345530033111572,,-6.456187396726515,,
4WND__A__B,train,other,-9.867505073547363,,-10.45731133188421,,
5E6P__A__B,train,other,-7.640507221221924,,-8.137032792200628,,
3Q3G__JK__L,train,antibody_antigen,-11.328221321105955,,-10.925078136315703,,
3IFP__EF__S,train,antibody_antigen,-10.383057594299316,,-10.06918021559029,,
3FKU__UU__GH,train,antibody_antigen,-13.48702335357666,,-11.491886390617477,,
2R0Z__HL__Q,train,antibody_antigen,-7.335301876068115,,-8.683768684738055,,
3H42__HL__AB,train,antibody_antigen,-15.549605369567873,,-16.424337080635347,,
3E8U__HL__P,train,antibody_antigen,-13.143031120300291,,-12.33626872953795,,
2ZPK__IM__Q,train,antibody_antigen,-7.957220077514648,,-9.623270932056597,,
3BGF__HL__S,train,antibody_antigen,-10.34784984588623,,-10.787853279421588,,
2VXQ__HL__A,train,antibody_antigen,-13.586000442504885,,-13.931279841356112,,
3P11__HL__A,train,antibody_antigen,-12.19545555114746,,-11.768305049052984,,
1ATN__A__D,train,other,-12.14617156982422,,-11.700343816006814,,
1J2J__A__B,train,other,-8.183542251586914,,-8.619954243932943,,
1M10__A__B,train,other,-11.312094688415527,,-11.617977478676986,,
1ZHI__A__B,train,other,-9.139049530029297,,-9.177828493027793,,
1I2M__A__B,train,other,-15.934250831604004,,-15.383301135833985,,
1DFJ__E__I,train,other,-18.16889190673828,,-16.549735623694012,,
1NW9__B__A,train,other,-11.26370906829834,,-11.911797982393214,,
3CPH__G__A,train,other,-8.901662826538086,,-10.319822504273805,,
3SGB__E__I,train,other,-14.609297752380373,,-14.01816530240058,,
1EWY__A__C,train,other,-7.476365566253662,,-8.2268865950715,,
3A4S__B__C,train,other,-7.569525718688965,,-7.278706024317158,,
4FQI__HL__AB,train,antibody_antigen,-12.54139232635498,,-11.165203343412532,,
1KKL__ABC__H,train,other,-10.090065956115724,,-11.088964117498632,,
4Z7W__ABC__DE,train,tcr_pmhc,-7.7458953857421875,,-6.824917065593732,,
5D2N__AC__DE,train,tcr_pmhc,-7.268574714660644,,-8.651897566043644,,
2VXS__JN__D,train,antibody_antigen,-11.83863639831543,,-11.549631781326486,,
5ZIA__GL__R,train,antibody_antigen,-8.898818016052246,,-9.052051188256682,,
5MI0__BC__A,train,antibody_antigen,-8.713740348815918,,-9.538334170108136,,
2X89__A__D,train,antibody_antigen,-10.036148071289062,,-9.793815927477594,,
5XMH__HL__A,train,antibody_antigen,-5.178517818450928,,-7.080950436628145,,
1KXT__B__A,train,antibody_antigen,-9.043500900268556,,-9.776771108403242,,
4X7F__D__B,train,antibody_antigen,-10.30394172668457,,-9.023212548323999,,
4M8Q__AB__S,train,antibody_antigen,-11.46281909942627,,-11.579448301250359,,
5AAW__KK__L,train,antibody_antigen,-11.411266326904297,,-11.590081284514024,,
5MES__HL__A,train,antibody_antigen,-8.824660301208496,,-9.886261529753847,,
5O0W__H__D,train,antibody_antigen,-13.822473526000977,,-13.814751232170533,,
5TFW__HL__O,train,antibody_antigen,-14.713617324829102,,-13.75087964869917,,
3LRH__G__H,train,antibody_antigen,-10.022832870483398,,-9.763705383917713,,
4ETQ__HL__C,train,antibody_antigen,-13.294215202331545,,-11.476625726396588,,
4AM0__CD__T,train,antibody_antigen,-12.792203903198242,,-12.853530222745889,,
5VOB__HL__BD,train,antibody_antigen,-13.40223789215088,,-13.309918903526448,,
6E63__HL__P,train,antibody_antigen,-11.503055572509766,,-12.18499538051859,,
1NL0__HL__G,train,antibody_antigen,-11.99975299835205,,-11.896988197470517,,
5ZXV__CD__B,train,antibody_antigen,-9.876571655273438,,-11.185720517973673,,
6B5R__HL__A,train,antibody_antigen,-11.967329025268556,,-12.014651452083326,,
4JZJ__HL__C,train,antibody_antigen,-11.456864356994627,,-11.03821474983137,,
2FX9__HL__P,train,antibody_antigen,-10.599586486816406,,-10.05670453523751,,
5CZX__HL__A,train,antibody_antigen,-12.58087921142578,,-11.693672325141783,,
1N64__HL__P,train,antibody_antigen,-12.12277603149414,,-11.748202518068297,,
5UTZ__FG__E,train,antibody_antigen,-11.904519081115724,,-11.500126641433805,,
3IXT__HL__P,train,antibody_antigen,-9.028563499450684,,-8.679278039573258,,
5I8C__AB__C,train,antibody_antigen,-10.371088027954102,,-10.01290850986961,,
3VG9__BC__A,train,antibody_antigen,-11.400394439697266,,-10.30181825434416,,
5T5F__HL__A,train,antibody_antigen,-13.262181282043455,,-11.799230325017689,,
2YPV__HL__A,train,antibody_antigen,-14.355806350708008,,-14.139087622206088,,
6CDM__AB__C,train,antibody_antigen,-12.40674114227295,,-11.610675311421067,,
5B71__CD__F,train,antibody_antigen,-13.394390106201172,,-12.856238594546674,,
5TRU__HL__C,train,antibody_antigen,-10.8794527053833,,-11.348533581165162,,
5K59__EF__B,train,antibody_antigen,-15.828075408935549,,-14.629960701836676,,
5JYL__DD__C,train,antibody_antigen,-10.99648666381836,,-10.902270692557215,,
1NMA__HL__N,train,antibody_antigen,-10.714621543884276,,-9.445275641752554,,
6DDV__AB__C,train,tcr_pmhc,-11.238765716552734,,-10.500595789650086,,
6AXL__CD__G,train,antibody_antigen,-9.696938514709473,,-9.034822847012041,,
4RGO__HL__S,train,antibody_antigen,-11.053638458251951,,-11.61717887328576,,
5E8E__AB__H,train,antibody_antigen,-11.92996883392334,,-11.47852682467461,,
4F37__HL__A,train,antibody_antigen,-11.26818561553955,,-9.475728181946062,,
5FHX__H__A,train,antibody_antigen,-14.898694038391112,,-15.419346292807282,,
2B2X__IM__B,train,antibody_antigen,-11.956904411315918,,-11.86299181798124,,
5YY4__AA__B,train,antibody_antigen,-8.774561882019043,,-9.222357946473384,,
4ZFG__HL__A,train,antibody_antigen,-11.324655532836914,,-11.14121070572087,,
5O14__HL__A,train,other,-14.626428604125977,,-12.988076814948045,,
1HCF__AB__X,train,other,-13.076343536376951,,-13.505213941475974,,
1FQJ__A__B,train,other,-9.787006378173828,,-10.674644502004345,,
4POU__B__A,train,antibody_antigen,-9.28247356414795,,-9.303733603523801,,
5C7X__HL__A,train,antibody_antigen,-15.21804141998291,,-14.677099665144423,,
2GAF__D__A,train,other,-12.17020034790039,,-12.311453603646124,,
1GLA__G__F,train,other,-6.76476526260376,,-8.844141107135412,,
1B27__D__A,train,other,-19.099458694458008,,-16.71560641704528,,
1CA0__D__ABC,train,other,-11.116896629333496,,-10.336850992569229,,
1DP5__B__A,train,other,-12.34064769744873,,-12.557510382565816,,
1FFX__B__A,train,other,-9.139049530029297,,-11.369126197754603,,
1GO4__G__A,train,other,-8.16224479675293,,-8.022977103808275,,
1ICF__I__AB,train,other,-16.056575775146484,,-16.45219066323371,,
1LDT__L__T,train,other,-11.92996883392334,,-10.769119567468953,,
1LZW__B__A,train,other,-8.842348098754883,,-8.64324912753958,,
1NEZ__AB__GH,train,other,-6.821235179901123,,-7.690085042925872,,
1OQE__J__R,train,other,-9.49867057800293,,-9.459228141295508,,
1P27__B__A,train,other,-12.489547729492188,,-9.779302462883257,,
1PK1__B__A,train,other,-9.914810180664062,,-10.097137878444174,,
1R8U__B__A,train,other,-10.758529663085938,,-10.565319320782777,,
1T5Z__A__B,train,other,-6.113853931427002,,-6.767655195447224,,
1TLH__B__A,train,other,-4.806077003479004,,-5.993178068956971,,
1VRC__CD__AB,train,other,-6.202796936035156,,-6.7210968779105755,,
1WLP__A__B,train,other,-8.44990062713623,,-7.502964609010199,,
1X1X__D__A,train,other,-9.925885200500488,,-11.629393141709967,,
1YDI__B__A,train,other,-11.936588287353516,,-12.469077229652761,,
2B10__D__C,train,other,-6.821235179901123,,-7.744546647269714,,
2BQZ__B__A,train,other,-6.410555839538574,,-4.223803019343585,,
2D10__E__A,train,other,-11.963833808898926,,-11.979984296159518,,
2EFH__B__A,train,other,-10.155041694641112,,-11.048632889928278,,
2FEW__B__A,train,other,-3.317573547363281,,-4.1828927584521916,,
2GH0__CD__AB,train,other,-9.612154006958008,,-8.274401004923982,,
2HWN__E__AB,train,other,-11.867544174194336,,-10.90594984675408,,
2IY1__B__A,train,other,-8.327398300170898,,-8.87247942206112,,
2JJT__A__C,train,other,-8.077459335327148,,-7.525945272752641,,
2K05__BD__AC,train,other,-9.139049530029297,,-9.413003869124802,,
2K79__B__A,train,other,-4.330018043518066,,-3.594519661143977,,
2KDE__BC__A,train,other,-6.890279769897461,,-7.382172506866638,,
2KT5__B__A,train,other,-6.211201190948486,,-8.334473520943984,,
2LOX__B__A,train,other,-9.169440269470217,,-9.045089789415007,,
2LVP__AB__C,train,other,-6.647832870483398,,-6.115155574753408,,
2MAK__BD__AC,train,other,-4.786649227142334,,-4.227851971577969,,
2MLX__B__A,train,other,-7.364123344421387,,-8.057247569348268,,
2N8J__B__A,train,other,-10.873888969421388,,-10.415414290795347,,
2OJE__D__ABC,train,tcr_pmhc,-8.488138198852539,,-8.256646641359298,,
2PTT__A__B,train,other,-7.364123344421387,,-7.166290474100083,,
2QIY__C__A,train,other,-9.446664810180664,,-10.275688242820463,,
2VSM__A__B,train,other,-10.171732902526855,,-8.744012595990649,,
2WBY__CD__A,train,other,-10.503296852111816,,-10.358741032032189,,
2WJV__D__A,train,other,-9.139049530029297,,-9.044525966987097,,
2WVW__AH__STWX,train,other,-7.774802684783935,,-7.091705184285827,,
2X2D__D__C,train,other,-7.114098072052002,,-7.159472913084007,,
2XPX__B__A,train,other,-9.309496879577637,,-9.995488422425941,,
2Y5B__B__A,train,other,-7.335216045379639,,-6.715746552384966,,
2ZVK__U__A,train,other,-8.728370666503906,,-10.06174733478204,,
3BH6__B__A,train,other,-9.580119132995604,,-10.466550007303294,,
3C4M__C__A,train,other,-8.1974515914917,,-7.628155462120441,,
3CQX__CD__AB,train,other,-7.294338703155518,,-7.525810214009043,,
3D5O__F__ABCDE,train,other,-8.185482025146484,,-8.919313112676152,,
3DGC__L__R,train,other,-12.278223037719728,,-12.576177167914736,,
3DXE__B__A,train,other,-8.842348098754883,,-10.095955872806256,,
3FF7__AB__CD,train,other,-5.046308994293213,,-5.269613330413641,,
3FXD__BD__AC,train,other,-10.503296852111816,,-11.62219254723724,,
3GC3__B__A,train,other,-7.7458953857421875,,-8.657138652055698,,
3GS2__BD__AC,train,other,-10.96337890625,,-11.370869116172926,,
3H8K__B__A,train,other,-10.47438907623291,,-11.075008446650893,,
3IT8__ABC__DEF,train,tcr_pmhc,-14.14250946044922,,-14.192739780875748,,
3L33__E__A,train,other,-9.367548942565918,,-8.353724436216563,,
3M18__B__A,train,other,-13.294215202331545,,-13.4340559333695,,
3MJH__B__A,train,other,-7.6667799949646,,-8.014571399762096,,
3O4O__A__C,train,other,-7.6767377853393555,,-6.9866982867009915,,
3OED__A__C,train,other,-8.596160888671875,,-9.19467782870716,,
3ONA__B__A,train,other,-8.413981437683105,,-8.59027758340943,,
3P95__E__A,train,other,-7.945250034332275,,-8.399661187824773,,
3Q9U__C__A,train,other,-11.301417350769045,,-12.380531940671254,,
3QI2__C__A,train,other,-10.022832870483398,,-10.855584759645996,,
3QTL__D__ABC,train,other,-12.066306114196776,,-13.40188886685659,,
3R4D__A__B,train,other,-10.463210105895996,,-10.614326594820582,,
3RZC__CD__AB,train,tcr_pmhc,-8.381763458251953,,-7.615436585224154,,
3UAI__D__A,train,other,-10.022832870483398,,-9.354580909108439,,
3UL1__A__B,train,other,-11.689736366271973,,-11.052784683351573,,
3UZV__B__A,train,other,-12.778263092041016,,-13.570726013880272,,
3VEP__D__X,train,other,-6.803721904754639,,-5.922550417136265,,
3VFU__B__AC,train,tcr_pmhc,-5.046308994293213,,-5.167459739433032,,
3W6J__BC__A,train,other,-9.89326286315918,,-9.397726648688272,,
3ZS8__CD__AB,train,other,-9.948675155639648,,-10.441849250423415,,
3ZYI__B__A,train,other,-11.10043716430664,,-10.366206369234003,,
4ALA__HL__C,train,antibody_antigen,-12.725563049316406,,-12.5337442846301,,
4AUQ__ACDF__BE,train,other,-5.274807929992676,,-5.5651176128954605,,
4B93__B__A,train,other,-7.691996097564697,,-7.183119431991395,,
4BRU__B__A,train,other,-9.139049530029297,,-10.477085146713515,,
4C2B__B__A,train,other,-10.976400375366213,,-11.452619713762555,,
4DGE__C__A,train,other,-6.02252197265625,,-6.889533206962707,,
4DKE__IM__B,train,antibody_antigen,-13.53444766998291,,-13.343506600273349,,
4DVG__B__A,train,other,-7.534570693969727,,-9.12426695922296,,
4EOZ__BD__AC,train,other,-8.185482025146484,,-7.794640482723049,,
4FQY__HL__AB,train,antibody_antigen,-11.811074256896973,,-10.360740895062424,,
4G6U__B__A,train,other,-10.572340965270996,,-9.98389491055662,,
4HCN__B__A,train,other,-5.418564796447754,,-6.100687772226519,,
4HGM__B__A,train,other,-10.635505676269531,,-10.174970760587113,,
4I6L__B__A,train,other,-10.503296852111816,,-10.688796011697725,,
4IKA__D__A,train,other,-5.784860610961914,,-6.707649353291883,,
4IYP__C__A,train,other,-8.898818016052246,,-10.662238221157025,,
4JEH__B__A,train,other,-11.038825035095217,,-14.183716638166706,,
4L67__B__A,train,other,-8.860579490661621,,-9.644984090283323,,
4LRZ__FH__AB,train,other,-8.596160888671875,,-5.862026294888487,,
4NEE__C__BD,train,other,-7.8372273445129395,,-7.672918659804815,,
4NSO__B__A,train,other,-12.29019260406494,,-11.636524228915334,,
4OQT__HL__A,train,other,-14.053149223327637,,-11.75373643058852,,
4P2O__CD__ABP,train,tcr_pmhc,-8.185482025146484,,-6.166280108062987,,
4PAS__B__A,train,other,-9.409984588623049,,-10.364424594354267,,
4Q5U__C__A,train,other,-16.37096405029297,,-17.435157715976505,,
4QZV__A__B,train,other,-6.067259311676025,,-7.845642027376752,,
4RT6__B__A,train,other,-10.749483108520508,,-12.199834593101206,,
4U2X__D__A,train,other,-12.278223037719728,,-10.898751812253701,,
4UEM__B__A,train,other,-11.178394317626951,,-9.138181475699898,,
4V2C__D__C,train,other,-6.472980499267578,,-6.3290842607718805,,
4WWI__D__A,train,other,-10.66589641571045,,-10.826207453180814,,
4XKL__A__B,train,other,-6.013359546661377,,-6.640746504577914,,
4Z5R__VW__F,train,antibody_antigen,-14.658462524414062,,-13.480288538994047,,
5BRM__GLM__AF,train,other,-9.446664810180664,,-8.508313539714774,,
5C0B__ABC__DE,train,tcr_pmhc,-8.596160888671875,,-8.687823700330997,,
5EB1__BD__AC,train,other,-9.350374221801758,,-8.146522416449594,,
5EO9__B__A,train,other,-8.774561882019043,,-8.52960333345037,,
5EZO__A__HL,train,other,-12.278223037719728,,-12.19427630417963,,
5HPY__B__A,train,other,-9.394282341003418,,-10.406374025408434,,
5IMT__D__A,train,other,-8.779385566711426,,-9.659649642864578,,
5JEM__AB__CD,train,other,-7.121920108795166,,-7.0377813984419,,
5JSB__B__A,train,other,-9.309496879577637,,-9.155139535831141,,
5JTR__EFGH__ABCD,train,other,-7.6425933837890625,,-6.901094039108157,,
5KSB__CD__EF,train,tcr_pmhc,-7.774802684783935,,-7.48356521081227,,
5KY5__B__A,train,other,-8.325143814086914,,-9.311311629367959,,
5LI1__B__A,train,other,-8.632822036743164,,-10.817007135547009,,
1ACB__E__I,train,other,-15.910113334655762,,-14.811130280986013,,
1B2S__A__D,train,other,-13.368485450744627,,-11.582105365013625,,
1BP3__A__B,train,other,-14.292141914367676,,-13.699369601798079,,
1DQJ__AB__C,train,other,-11.666563987731934,,-10.433714071574883,,
1EAW__A__B,train,other,-14.049643516540527,,-14.340817494458648,,
1F5R__A__I,train,other,-5.709346771240234,,-7.62127521591695,,
1FSS__A__B,train,other,-12.86082935333252,,-13.392031356856034,,
1GL1__A__I,train,other,-13.225133895874023,,-13.05118845765585,,
1QAB__ABCD__E,train,other,-8.655352592468262,,-8.865555754824616,,
1SBB__A__B,train,other,-5.254988193511963,,-6.768787975287496,,
1U7F__B__AC,train,other,-10.264854431152344,,-10.260060590461679,,
1YCS__A__B,train,other,-7.585012912750244,,-6.574506619414974,,
2A9K__A__B,train,other,-10.243969917297363,,-9.32691831294857,,
2AW2__A__B,train,other,-9.078010559082031,,-8.24199031554716,,
2C5D__AB__CD,train,other,-11.318958282470703,,-10.594600603499963,,
2FTL__E__I,train,other,-17.95417594909668,,-13.318566515306015,,
2J1K__C__T,train,other,-12.215604782104492,,-11.289094316880401,,
2NY7__HL__G,train,other,-10.143389701843262,,-10.487099659891914,,
2VIR__AB__C,train,other,-12.272046089172363,,-12.156476227199107,,
3B4V__AB__C,train,other,-13.436351776123049,,-12.118198274575924,,
3BX1__A__C,train,other,-11.381351470947266,,-12.745614327216643,,
3HFM__HL__Y,train,other,-14.348583221435549,,-12.343390246072515,,
3LZF__AB__HL,train,other,-11.729430198669434,,-10.833397882016934,,
3QDG__ABC__DE,train,tcr_pmhc,-6.848178386688232,,-6.533931608275093,,
3R9A__AC__B,train,other,-7.439494132995605,,-7.3801555655485345,,
3SE4__B__A,train,other,-5.9968581199646,,-5.022654661229902,,
3SF4__A__D,train,other,-11.753604888916016,,-11.236259242289844,,
3UIH__A__P,train,other,-5.341359615325928,,-6.360148493366719,,
4GU0__A__E,train,other,-8.162525177001953,,-7.763724683652431,,
4HSA__AB__C,train,other,-11.73898220062256,,-11.810521450570617,,
4JFD__ABC__DE,train,tcr_pmhc,-6.059251308441162,,-6.3562769522480895,,
4KRL__A__B,train,other,-9.080708503723145,,-8.66669352194461,,
4NKQ__C__AB,train,other,-12.694482803344728,,-12.300205256322084,,
4OZG__ABJ__GH,train,tcr_pmhc,-6.437074661254883,,-7.814815078406327,,
5E9D__ABC__DE,train,tcr_pmhc,-9.358497619628906,,-7.995485146743626,,
3EOB__HL__I,train,antibody_antigen,-11.811074256896973,,-10.362977003028208,,
3UC0__IM__B,train,antibody_antigen,-12.610695838928224,,-11.81670270079088,,
1OB1__AB__C,train,antibody_antigen,-12.29981803894043,,-12.896731189437801,,
3B2U__FG__E,train,antibody_antigen,-12.278223037719728,,-10.972174402952191,,
2VYR__E__A,train,antibody_antigen,-9.699533462524414,,-10.047704719103741,,
3KR3__HL__D,train,antibody_antigen,-14.065118789672852,,-13.267928690213216,,
2WUB__QR__C,train,antibody_antigen,-9.309496879577637,,-10.194236859926356,,
3GHE__HL__P,train,antibody_antigen,-8.030035018920898,,-9.08563533001817,,
1QFU__HL__A,train,antibody_antigen,-11.510316848754885,,-11.059590975315892,,
2XTJ__BD__A,train,antibody_antigen,-11.400394439697266,,-10.391338855741504,,
3O6L__HL__C,train,antibody_antigen,-9.93442153930664,,-9.366033038928807,,
3RU8__HL__X,train,antibody_antigen,-10.19768524169922,,-10.810598966967026,,
1AVX__A__B,train,other,-12.585168838500977,,-11.524858175654852,,
1BVN__P__T,train,other,-15.157116889953612,,-14.792214303617875,,
2I9B__E__A,train,other,-13.021858215332031,,-12.966178125300601,,
1AVZ__B__C,train,other,-6.586654186248779,,-6.738573626251503,,
1KLU__AB__D,train,tcr_pmhc,-7.330160140991211,,-8.199344559886159,,
3RVW__CD__A,train,antibody_antigen,-10.528388023376465,,-11.016853337544259,,
3H2V__A__E,train,other,-6.305598258972168,,-6.668167045149422,,
1PPE__E__I,train,other,-15.667327880859377,,-15.148832083076265,,
1WDW__BD__A,train,other,-12.798068046569824,,-12.917323486298809,,
4Z7U__ABC__DE,train,tcr_pmhc,-8.156574249267578,,-6.988883625810776,,
3UTT__AC__DE,train,tcr_pmhc,-4.86850118637085,,-5.2299565156086985,,
3TPU__AC__DE,train,tcr_pmhc,-5.8918538093566895,,-6.376598938016826,,
2R56__IM__B,train,antibody_antigen,-12.12277603149414,,-10.647777284158964,,
5DRZ__HL__P,train,antibody_antigen,-11.400394439697266,,-12.06560968243727,,
3DVN__AB__XY,train,antibody_antigen,-9.59913158416748,,-10.867497437834194,,
5TKJ__JK__L,train,antibody_antigen,-11.112738609313965,,-10.811770615280905,,
4HJ0__CD__B,train,antibody_antigen,-10.420490264892578,,-10.131369932783404,,
6BIT__JL__G,train,antibody_antigen,-11.71209716796875,,-11.024126154794192,,
5U8Q__HL__A,train,antibody_antigen,-7.6667799949646,,-7.328721544805907,,
6H06__EF__J,train,antibody_antigen,-7.164768695831299,,-8.541521947842249,,
4M1G__HL__AB,train,antibody_antigen,-10.697930335998535,,-11.402242439694076,,
5KZP__FJ__C,train,antibody_antigen,-9.761054039001465,,-9.987652004922047,,
5HYS__AB__G,train,antibody_antigen,-14.20188045501709,,-13.22523153080154,,
5E7F__B__H,train,antibody_antigen,-10.969853401184082,,-11.452850815175093,,
1F90__HL__E,train,antibody_antigen,-10.810911178588867,,-10.70921018987125,,
4LMQ__EI__F,train,antibody_antigen,-12.32569694519043,,-12.342737358380987,,
5TZ2__HL__C,train,antibody_antigen,-12.211077690124512,,-11.309491674128592,,
6CMG__BC__A,train,antibody_antigen,-10.316776275634766,,-8.607506396102774,,
5IMM__B__A,train,antibody_antigen,-11.535980224609377,,-11.19617123065511,,
4WV1__AB__C,train,antibody_antigen,-11.71209716796875,,-12.196795451880558,,
2AEP__HL__A,train,antibody_antigen,-10.805953025817873,,-8.730144782339513,,
4G6F__HL__P,train,antibody_antigen,-10.599586486816406,,-11.448563250206885,,
4FQV__JN__CD,train,antibody_antigen,-12.221753120422363,,-11.561395209682722,,
4X7D__C__B,train,antibody_antigen,-11.535980224609377,,-10.640333025906518,,
6D01__GH__J,train,antibody_antigen,-8.927133560180664,,-9.829043729641212,,
1FE8__HL__A,train,antibody_antigen,-7.774802684783935,,-8.016228947101643,,
2XQB__HL__A,train,antibody_antigen,-14.029911994934082,,-13.57313362230079,,
4YBL__BC__A,train,antibody_antigen,-13.328081130981444,,-12.255690423958027,,
5KVF__HL__E,train,antibody_antigen,-10.22482681274414,,-10.797601028914812,,
5W1M__CD__T,train,antibody_antigen,-10.624500274658203,,-11.134316393308165,,
6DDR__AB__C,train,tcr_pmhc,-12.3148832321167,,-11.414205538242276,,
1DEE__EF__H,train,antibody_antigen,-8.728370666503906,,-9.434703329960984,,
3UBX__HL__A,train,antibody_antigen,-10.366366386413574,,-10.64157471231767,,
4N9G__MN__Z,train,antibody_antigen,-12.94231414794922,,-11.61420441186298,,
5BK1__HL__A,train,antibody_antigen,-12.221753120422363,,-10.602924775865576,,
3HI1__HL__G,train,antibody_antigen,-10.846830368041992,,-11.77781958352725,,
5E2W__HL__P,train,antibody_antigen,-10.243637084960938,,-10.159672492626147,,
1IQD__AB__C,train,antibody_antigen,-14.80736255645752,,-13.364826275269813,,
4HS6__AB__Z,train,antibody_antigen,-10.26306438446045,,-10.498657269210693,,
6F7T__AB__D,train,antibody_antigen,-12.883536338806152,,-12.838551728164132,,
5NGV__HL__A,train,antibody_antigen,-14.728246688842772,,-13.483816743114442,,
5Y11__AB__C,train,antibody_antigen,-10.350132942199709,,-9.909497804731433,,
2HRP__HL__P,train,antibody_antigen,-11.324655532836914,,-10.854909763529635,,
5CIL__HL__P,train,antibody_antigen,-10.077987670898438,,-9.84822538760375,,
5BVP__HL__I,train,antibody_antigen,-14.346012115478516,,-13.492868323353822,,
5IMK__B__A,train,antibody_antigen,-8.281771659851074,,-8.440780617403092,,
1DE4__AB__CF,train,other,-9.778228759765623,,-10.178905949659466,,
3U7Y__HL__G,train,other,-9.271259307861328,,-9.6400431158495,,
4FP8__HL__A,train,other,-8.685522079467773,,-9.10523651476945,,
1S78__CD__A,train,other,-8.596160888671875,,-9.224815014372018,,
1OC0__A__B,train,other,-12.278223037719728,,-13.32912039752139,,
1Z0K__A__B,train,other,-6.976089954376221,,-5.858582145394208,,
1CMX__BD__AC,train,other,-7.871092796325684,,-8.875199649790497,,
1H0T__B__A,train,other,-7.123891353607178,,-5.166132210447665,,
1L0X__BD__AC,train,tcr_pmhc,-7.123891353607178,,-7.243979079698651,,
1LM8__H__BCV,train,other,-9.082579612731934,,-9.67900773356342,,
1M5N__Q__S,train,other,-11.83863639831543,,-10.626018419075045,,
1OYH__L__I,train,other,-10.06371021270752,,-9.983382102424446,,
1P4L__D__ABP,train,tcr_pmhc,-7.534570693969727,,-7.8042115323423324,,
1RKC__B__A,train,other,-10.10761833190918,,-10.919527928545556,,
1TAW__B__A,train,other,-14.59603786468506,,-13.145728143582641,,
1UL1__A__X,train,other,-9.85238552093506,,-10.704863612462848,,
1WR1__A__B,train,other,-6.588955879211426,,-7.105619290599784,,
1X75__CD__AB,train,other,-10.582411766052246,,-10.582404756694055,,
1Y6K__R__L,train,other,-12.278223037719728,,-12.266643162192885,,
1YK1__E__AB,train,other,-10.013687133789062,,-9.403474787556988,,
2AQ1__C__D,train,tcr_pmhc,-11.26818561553955,,-9.923215903317788,,
2BYK__A__B,train,other,-7.691996097564697,,-6.858036892875884,,
2FU5__C__B,train,other,-12.489547729492188,,-12.41028842850196,,
2GWW__B__A,train,other,-13.586000442504885,,-12.437568541041589,,
2J59__R__F,train,other,-9.903938293457031,,-10.97994707599604,,
2K2U__B__A,train,other,-8.79079532623291,,-9.488420510522705,,
2KHS__B__A,train,other,-8.79079532623291,,-9.183799947930522,,
2KVQ__G__E,train,other,-5.867667198181152,,-6.269659664343882,,
2KYG__AB__C,train,other,-9.787006378173828,,-9.56932437361412,,
2LD7__B__A,train,other,-10.96337890625,,-8.857216836360717,,
2LP4__Y__A,train,other,-3.271382570266724,,-3.409834916396874,,
2M49__B__A,train,other,-6.821235179901123,,-6.312241546406389,,
2MLZ__B__A,train,other,-6.621880531311035,,-7.462593637561852,,
2MZD__B__A,train,other,-8.26324462890625,,-8.913178156929513,,
2OMU__A__B,train,other,-12.58087921142578,,-11.873674569386267,,
2QJB__AB__CD,train,other,-11.336625099182127,,-11.601244510914759,,
2RNR__B__A,train,other,-9.309496879577637,,-10.725316324481053,,
2VER__A__N,train,other,-6.661248207092285,,-6.9916753828646945,,
2W2M__E__AP,train,other,-9.151020050048828,,-11.12022991182616,,
2WEL__D__A,train,other,-8.488138198852539,,-7.878904102570697,,
2WO3__B__A,train,other,-7.691996097564697,,-8.026360128462972,,
2WX0__C__AB,train,other,-6.953444480895996,,-7.540904932813396,,
2XB6__C__A,train,other,-9.46692180633545,,-10.10822219044768,,
2Y8S__B__A,train,other,-12.28477668762207,,-10.367377007223109,,
2ZXX__AB__C,train,other,-11.400394439697266,,-12.624237014739247,,
3B08__A__B,train,other,-6.499916076660156,,-7.643611350363845,,
3C4P__B__A,train,other,-11.400394439697266,,-12.316218609603222,,
3CX6__B__A,train,other,-7.256100654602051,,-8.088531791921174,,
3DI3__B__A,train,other,-10.47438907623291,,-11.180297902008217,,
3E2K__D__A,train,other,-13.862319946289062,,-13.80851119219194,,
3EOY__GHI__ABC,train,other,-11.66818904876709,,-11.445647900379319,,
3FFC__DE__AC,train,tcr_pmhc,-6.890279769897461,,-6.115670335726024,,
3GJ3__B__A,train,other,-5.879637241363525,,-6.697323196518207,,
3GXU__B__A,train,other,-9.130228996276855,,-9.232444826569214,,
3HCT__B__A,train,other,-7.953203201293945,,-6.703402925199791,,
3IA3__D__A,train,other,-9.59272575378418,,-8.148815292866567,,
3IXS__B__A,train,other,-9.612154006958008,,-10.350644533828259,,
3K6G__D__A,train,other,-10.617274284362791,,-10.949276462234543,,
3KUC__B__A,train,other,-8.66921329498291,,-8.720296130228338,,
3L9J__C__T,train,other,-12.917401313781738,,-12.786473577556055,,
3NOC__DE__ABC,train,other,-12.037991523742676,,-16.315631416383685,,
3OIQ__B__A,train,other,-7.394514083862305,,-7.268958971301765,,
3OXU__F__B,train,other,-6.096166610717773,,-7.24877025791632,,
3QBT__A__B,train,other,-8.247906684875488,,-8.85614719898158,,
3QIW__CD__ABE,train,tcr_pmhc,-4.503420352935791,,-4.175767858241015,,
3QUY__A__CD,train,tcr_pmhc,-9.17887020111084,,-8.86484451056736,,
3S2K__C__AB,train,other,-9.748491287231444,,-11.113790515811138,,
3TNF__A__B,train,other,-15.00671672821045,,-15.18600771041654,,
3UEZ__AD__EF,train,other,-15.828075408935549,,-15.565777668847604,,
3ULA__D__A,train,other,-11.659785270690918,,-11.263204194362658,,
3V3K__B__A,train,other,-10.11219310760498,,-10.982952286974882,,
3VFW__B__AC,train,tcr_pmhc,-5.93671178817749,,-5.173140489100454,,
3VXR__AC__DE,train,tcr_pmhc,-6.839281558990479,,-7.839263315670617,,
3ZEU__D__E,train,other,-8.918904304504395,,-9.729398269690678,,
3ZU7__B__A,train,other,-11.160162925720217,,-11.357430860643932,,
4A49__B__A,train,other,-5.970969200134277,,-6.039037293862203,,
4AOQ__D__A,train,other,-9.13374137878418,,-11.116737023470499,,
4BJ5__CD__B,train,other,-6.170323848724365,,-6.0050166069960005,,
4C4P__B__A,train,other,-9.006840705871582,,-9.782019994277892,,
4CJ1__B__A,train,other,-9.984594345092772,,-12.858257950679386,,
4D2G__DE__ABC,train,other,-7.169015884399414,,-5.786524954073305,,
4DOH__BR__A,train,other,-8.407913208007812,,-8.70145225485716,,
4ETP__B__A,train,other,-8.774561882019043,,-8.509735754081865,,
4F6R__C__AB,train,other,-12.278223037719728,,-11.773690486490697,,
4G8G__DE__AC,train,tcr_pmhc,-7.28389835357666,,-8.334776250303426,,
4GLA__D__A,train,other,-6.073935031890869,,-6.678451778688601,,
4H2S__CD__AB,train,other,-6.367706775665283,,-6.384819967446964,,
4IC7__B__A,train,other,-8.685522079467773,,-9.74660401239656,,
4J32__B__A,train,other,-12.131961822509766,,-12.286870382963812,,
4JMF__BC__A,train,other,-8.902780532836914,,-8.557234177043162,,
4JZW__M__G,train,other,-14.750892639160156,,-14.411554957369644,,
4KA2__R__A,train,other,-15.110018730163574,,-13.384768279791537,,
4KR0__B__A,train,other,-10.610136032104492,,-9.57722706302319,,
4LYL__B__A,train,other,-10.243637084960938,,-11.883293547802921,,
4MHH__HL__E,train,antibody_antigen,-12.34064769744873,,-12.298262254945294,,
4MQW__X__AB,train,other,-13.011645317077637,,-13.278713689732209,,
4NIQ__C__A,train,other,-7.231914520263672,,-8.20881385969682,,
4O1Q__CDEF__AB,train,other,-7.104464054107666,,-6.4229369141409745,,
4OVN__F__A,train,other,-10.009810447692873,,-10.907120276970923,,
4P2R__DE__ABC,train,tcr_pmhc,-8.185482025146484,,-7.836005075760177,,
4PJ7__AB__GH,train,tcr_pmhc,-7.59699535369873,,-6.766272338087069,,
4PJF__AB__GH,train,tcr_pmhc,-6.072258949279785,,-6.531552153034925,,
4PS4__A__HL,train,other,-15.339764595031738,,-14.694774162526667,,
4QD2__ABE__CD,train,other,-7.59699535369873,,-8.896732561481778,,
4S0S__D__A,train,other,-10.836343765258787,,-10.904989164131912,,
4W4O__C__AB,train,other,-11.42795753479004,,-11.976393910415407,,
4X33__A__B,train,other,-9.006840705871582,,-11.553409087252913,,
4XL5__C__A,train,other,-12.07886791229248,,-11.139621445042945,,
4Y5O__B__A,train,other,-7.9861273765563965,,-7.9214065337053485,,
4YN0__B__A,train,other,-9.646018981933594,,-9.701727913241568,,
4Z8L__C__AB,train,other,-9.235340118408203,,-8.433377714610142,,
4ZRP__C__A,train,other,-11.92996883392334,,-10.222463835834999,,
5AJK__BD__AC,train,other,-7.610310077667236,,-6.206410646341171,,
5B76__B__A,train,other,-7.143977642059326,,-6.7544212655071165,,
5C4V__B__A,train,other,-8.129012107849121,,-8.062324931770654,,
5CX3__FH__BD,train,other,-8.550562858581543,,-9.439308770598789,,
5EE4__CD__A,train,other,-7.114098072052002,,-7.992927645877749,,
5EOF__CD__AB,train,other,-7.394514083862305,,-6.170041189563335,,
5FOA__E__AB,train,other,-7.114098072052002,,-9.2991893243445,,
5GVI__BC__A,train,other,-7.718332767486572,,-7.219135441296524,,
5J56__B__A,train,antibody_antigen,-11.58907413482666,,-11.135981682374286,,
5JTL__E__ABCD,train,other,-8.596160888671875,,-9.430116285533847,,
5JW9__B__A,train,other,-9.639089584350586,,-9.602518578986734,,
5L2K__AB__DE,train,tcr_pmhc,-8.102675437927246,,-9.591270691582706,,
1AHW__AB__C,train,other,-11.54734230041504,,-11.064325462069904,,
1B41__A__B,train,other,-13.672248840332031,,-13.119989780672991,,
1C1Y__A__B,train,other,-8.073395729064941,,-8.279414550441945,,
1CSE__E__I,train,other,-16.07688331604004,,-17.248601407647243,,
1DVF__AB__CD,train,other,-10.862910270690918,,-10.164638236224643,,
1FC2__C__D,train,other,-10.668374061584473,,-10.175165112162286,,
1GC1__G__C,train,other,-11.513493537902832,,-12.007907634506918,,
1GRN__A__B,train,other,-7.550856113433838,,-7.607602411184692,,
1KAC__A__B,train,other,-8.914417266845703,,-8.702880375683419,,
1KTZ__A__B,train,other,-9.73129177093506,,-9.741543089869525,,
1N8O__ABC__E,train,other,-15.54178237915039,,-14.873062017206697,,
1OGA__ABC__DE,train,tcr_pmhc,-7.205049991607666,,-7.25533287328402,,
1UUZ__A__D,train,other,-12.272046089172363,,-10.904774222188447,,
2ABZ__B__E,train,other,-11.66231918334961,,-13.111556152230627,,
2BNQ__ABC__DE,train,tcr_pmhc,-7.1506829261779785,,-6.094461823066917,,
2G2U__A__B,train,other,-8.108987808227539,,-11.8934877546389,,
2I26__N__L,train,other,-10.938860893249512,,-12.17206786369569,,
2JEL__HL__P,train,other,-11.621461868286133,,-12.040717742168358,,
2NYY__CD__A,train,other,-13.412837028503418,,-12.573031910121905,,
2PCB__A__B,train,other,-6.817803382873535,,-7.290391949897568,,
2VN5__A__B,train,other,-12.683859825134276,,-13.521931226685124,,
3BDY__HL__V,train,other,-8.894340515136719,,-10.2236766798935,,
3BN9__B__CD,train,other,-14.87657642364502,,-13.518212081486922,,
3HG1__ABC__DE,train,tcr_pmhc,-6.251962184906006,,-6.700016077932966,,
3M62__A__B,train,other,-9.756142616271973,,-11.105602152303845,,
3N85__A__HL,train,other,-12.41163730621338,,-11.340996040175744,,
3PWP__ABC__DE,train,tcr_pmhc,-5.254988193511963,,-5.19131022335519,,
3SE8__HL__G,train,other,-9.9832763671875,,-9.499610635780588,,
4B0M__A__BM,train,other,-7.658008575439453,,-9.004875803937841,,
4FZA__A__B,train,other,-10.963034629821776,,-11.682925204052893,,
4GXU__ABCDEF__MN,train,other,-11.191572189331056,,-9.836116541449286,,
4I77__HL__Z,train,other,-14.999167442321776,,-14.236242508900462,,
4KRO__A__B,train,other,-8.943717956542969,,-8.45617221281242,,
4NM8__ABCDEF__HL,train,other,-11.926233291625977,,-10.938989428252658,,
4P23__CD__AB,train,tcr_pmhc,-7.120307445526123,,-6.304139667773265,,
4U6H__AB__E,train,other,-13.697999954223633,,-12.52655806128633,,
4Y61__A__B,train,other,-8.792988777160645,,-8.914065278036592,,
5C6T__HL__A,train,other,-13.48023796081543,,-12.632466202648462,,
5F4E__A__B,train,other,-9.69198989868164,,-8.552566974642625,,
5UFE__A__B,train,other,-9.951854705810549,,-9.925545334582432,,
1VFB__AB__C,train,other,-11.464473724365234,,-10.767905191963713,,
1SY6__HL__A,train,antibody_antigen,-7.590448379516602,,-7.259670727440291,,
3IU3__AB__K,train,antibody_antigen,-13.443115234375,,-12.878119319367661,,
2QR0__QR__P,train,antibody_antigen,-11.506378173828123,,-11.179908197546098,,
3NFP__HL__I,train,antibody_antigen,-13.053983688354492,,-10.717157454039034,,
3NH7__KO__D,train,antibody_antigen,-10.503296852111816,,-10.187493131692454,,
3H3P__IM__T,train,antibody_antigen,-10.714621543884276,,-9.82228116275273,,
3GGW__AB__E,train,antibody_antigen,-7.554656982421875,,-8.807666452046906,,
2OR9__IM__P,train,antibody_antigen,-8.596160888671875,,-9.591694677267835,,
3MXW__HL__A,train,antibody_antigen,-12.69899845123291,,-14.075827489667034,,
1HH9__AB__C,train,antibody_antigen,-6.340785980224609,,-8.4225381820821,,
3O6M__HL__C,train,antibody_antigen,-9.898497581481934,,-10.009686532609644,,
1BVK__AB__C,train,antibody_antigen,-10.53493595123291,,-9.748181259150462,,
2NZ9__EF__B,train,antibody_antigen,-15.133018493652344,,-13.75752465514309,,
3G5V__AB__C,train,antibody_antigen,-9.646018981933594,,-9.867634070266046,,
2SNI__E__I,train,other,-16.067346572875977,,-15.8934984692796,,
1KXP__A__D,train,other,-12.423429489135742,,-10.772383077081717,,
1E4K__AB__C,train,other,-7.923892498016357,,-9.987129527997364,,
1T6B__X__Y,train,other,-13.193973541259766,,-12.810948204846653,,
1IB1__AB__E,train,other,-9.83396053314209,,-9.876823097393862,,
1QA9__A__B,train,other,-7.206890106201172,,-7.223664872894544,,
1B6C__A__B,train,other,-8.999662399291992,,-9.51852946766774,,
1US7__A__B,train,other,-8.131789207458496,,-8.669524880894521,,
1WQ1__R__G,train,other,-6.659614086151123,,-6.256697404034031,,
1F34__A__B,train,other,-14.283068656921388,,-13.262599706538989,,
1H1V__A__G,train,other,-10.266733169555664,,-11.06221590383404,,
3VXM__AC__DE,train,tcr_pmhc,-6.378833770751953,,-7.4121169827410505,,
4GG6__ABC__DE,train,tcr_pmhc,-6.743602752685547,,-5.811104305181831,,
2F54__AC__DE,train,tcr_pmhc,-6.581003189086914,,-5.7399287521926645,,
4PRI__AC__DE,train,tcr_pmhc,-5.498712539672852,,-5.8802767204474735,,
1G6V__K__A,train,antibody_antigen,-9.744362831115724,,-10.498565785600821,,
5A2I__HH__P,train,antibody_antigen,-6.896974563598633,,-8.5762864066588,,
4YHP__HL__P,train,antibody_antigen,-11.867544174194336,,-11.92599414743556,,
4F3F__AB__C,train,antibody_antigen,-12.472856521606444,,-12.784177813050121,,
6BLI__DE__F,train,antibody_antigen,-12.665664672851562,,-11.131034450081724,,
4CMH__BC__A,train,antibody_antigen,-13.23179054260254,,-13.666295846575668,,
4IOF__EF__B,train,antibody_antigen,-11.456864356994627,,-12.081305455002097,,
6II8__JK__E,train,antibody_antigen,-8.749479293823242,,-9.462244864810465,,
2JIX__HL__E,train,antibody_antigen,-10.26306438446045,,-12.035591036468539,,
3HAE__HL__AC,train,tcr_pmhc,-10.009810447692873,,-8.3599573376685,,
5EOC__JM__Q,train,antibody_antigen,-10.257169723510742,,-10.589716541534274,,
2FX8__JN__R,train,antibody_antigen,-8.894881248474121,,-9.785876636969846,,
1W72__IM__DF,train,tcr_pmhc,-10.714621543884276,,-12.007989091470465,,
5GZO__CD__B,train,antibody_antigen,-9.258075714111328,,-11.180880621169443,,
4WHY__MN__B,train,antibody_antigen,-11.053638458251951,,-11.01073823748192,,
4WUU__DE__AC,train,tcr_pmhc,-10.749483108520508,,-10.223860017486118,,
6BCK__HL__G,train,antibody_antigen,-12.367583274841309,,-10.107584229215151,,
5WUX__CD__G,train,antibody_antigen,-14.409517288208008,,-13.487641000491315,,
5GRJ__HL__A,train,antibody_antigen,-14.155041694641112,,-13.274005926232412,,
5WT9__HL__G,train,antibody_antigen,-12.058076858520508,,-12.019744129272945,,
4KFZ__D__B,train,antibody_antigen,-9.586389541625977,,-10.018483227185834,,
4HJJ__H__A,train,antibody_antigen,-13.36400032043457,,-14.255235645140834,,
5WTT__AB__C,train,antibody_antigen,-9.006840705871582,,-8.871617643793197,,
4ZFO__HL__K,train,antibody_antigen,-14.567130088806152,,-13.001776232317342,,
6EHG__C__AB,train,antibody_antigen,-13.123767852783203,,-12.459046004794235,,
6AOD__AB__C,train,antibody_antigen,-13.356639862060549,,-14.875553327953508,,
4WEN__B__A,train,antibody_antigen,-9.549729347229004,,-10.579220504652085,,
5GHW__HL__P,train,antibody_antigen,-10.938162803649902,,-11.390458909689254,,
4K2U__IM__B,train,antibody_antigen,-14.754752159118652,,-13.475058962055154,,
4I18__HL__C,train,antibody_antigen,-11.2575101852417,,-10.7538712678776,,
3UYR__HL__P,train,antibody_antigen,-9.40811538696289,,-10.15032093560955,,
4O4Y__HL__A,train,antibody_antigen,-10.654316902160645,,-10.580323629628225,,
4QCI__HL__C,train,antibody_antigen,-14.396682739257812,,-14.631225558309579,,
3ZKQ__D__A,train,antibody_antigen,-12.17020034790039,,-12.11827968621941,,
4LU5__IM__A,train,antibody_antigen,-13.889554977416992,,-14.628231520037392,,
5E2V__HL__P,train,antibody_antigen,-8.295166015625,,-9.252854020632459,,
4QYO__AB__Q,train,antibody_antigen,-11.216632843017578,,-10.776651960012796,,
3IET__CD__Q,train,antibody_antigen,-9.350374221801758,,-9.221417024937887,,
4HIX__HL__A,train,antibody_antigen,-9.305560111999512,,-10.381091622259095,,
5IVN__A__B,train,antibody_antigen,-12.07886791229248,,-11.64798943285706,,
5T78__CD__E,train,antibody_antigen,-10.049768447875977,,-9.780488844388728,,
4W6W__B__A,train,antibody_antigen,-11.524247169494627,,-10.603119459682981,,
5VPG__CD__A,train,antibody_antigen,-10.533687591552734,,-11.00464819040799,,
5DD0__HL__P,train,antibody_antigen,-9.655150413513184,,-8.505295899321316,,
5JQ6__HL__A,train,antibody_antigen,-12.417884826660156,,-12.14768885203018,,
3RVV__CD__A,train,antibody_antigen,-10.599586486816406,,-9.996204327795086,,
5CBA__AB__E,train,other,-12.86410903930664,,-12.268884363664815,,
1NVU__Q__S,train,other,-7.426548004150391,,-8.180786727204632,,
2VXT__HL__I,train,antibody_antigen,-12.651034355163574,,-12.092636929030196,,
6EY6__I__AB,train,other,-11.046185493469238,,-10.995673923303233,,
1FLE__E__I,train,other,-12.278223037719728,,-11.82747413580617,,
1PXV__A__C,train,other,-12.972131729125977,,-13.030291185003799,,
1AY7__A__B,train,other,-13.23179054260254,,-11.87873410595077,,
1BRS__D__A,train,other,-18.944011688232425,,-14.209119593062892,,
1D6R__I__A,train,other,-13.48702335357666,,-12.87719909666722,,
1EZS__AB__CD,train,other,-13.294215202331545,,-12.623359304916933,,
1G0V__B__A,train,other,-13.642470359802246,,-13.206752783464815,,
1HRT__I__HL,train,other,-15.720052719116213,,-15.396299761194523,,
1J7V__L__R,train,other,-14.264473915100098,,-12.80549366084458,,
1L2W__EF__K,train,other,-12.991559028625488,,-12.550698557298412,,
1LQB__D__ABC,train,other,-10.243637084960938,,-10.337181225328331,,
1MHH__AB__E,train,other,-12.278223037719728,,-12.60529578163793,,
1O94__CDEF__AB,train,other,-7.231914520263672,,-7.1531954881966575,,
1OZS__B__A,train,other,-6.1508965492248535,,-5.284981250314358,,
1P9M__AC__B,train,other,-12.41043186187744,,-13.286464048369467,,
1Q68__B__A,train,other,-8.728370666503906,,-7.581579363602923,,
1SYQ__B__A,train,other,-10.685713768005373,,-11.400497381312722,,
1TBQ__R__HL,train,other,-17.32453155517578,,-17.004591739129406,,
1V18__B__A,train,other,-10.913975715637209,,-11.20712882100063,,
1VYT__E__A,train,other,-10.503296852111816,,-11.479986073998317,,
1WRD__B__A,train,other,-4.622446537017822,,-5.734912595168317,,
1XG2__B__A,train,other,-11.324655532836914,,-11.472821864834621,,
1YX5__B__A,train,other,-4.714745044708252,,-4.7244897192691075,,
2ARP__F__A,train,other,-8.685522079467773,,-8.504659353717699,,
2C1T__C__A,train,other,-11.867544174194336,,-10.942067907583052,,
2DSP__B__I,train,other,-7.534570693969727,,-8.398608802836154,,
2F5Z__N__GH,train,other,-12.425433158874512,,-12.702062494955218,,
2IOU__GH__ABCDEF,train,other,-7.448338985443115,,-8.132487825430097,,
2JTI__B__A,train,other,-8.50010871887207,,-8.44620662402261,,
2KA4__B__A,train,other,-9.872471809387209,,-9.790365368862293,,
2KJ4__B__A,train,other,-9.804961204528809,,-9.94872113440112,,
2L0T__B__A,train,other,-5.72140645980835,,-6.8356798610363505,,
2LFW__B__A,train,other,-11.2575101852417,,-10.185580092303503,,
2M5A__B__A,train,other,-9.984594345092772,,-7.732903613196048,,
2MFQ__B__A,train,other,-7.208676815032959,,-6.410471580635821,,
2MP0__B__A,train,other,-2.185605525970459,,-2.1656276054761605,,
2N13__BC__AD,train,other,-7.515143394470215,,-6.3335895716694,,
2OMW__B__A,train,other,-6.821235179901123,,-5.956559978340962,,
2P1L__H__G,train,other,-7.691996097564697,,-8.144857641238485,,
2Q7N__B__A,train,other,-15.00671672821045,,-13.315355278373158,,
2V5Q__D__A,train,other,-9.752649307250977,,-8.816882049663535,,
2VOF__BD__AC,train,other,-12.489547729492188,,-9.179581901385182,,
2WG3__A__C,train,other,-9.731340408325195,,-10.532695270512997,,
2XDF__CD__AB,train,other,-6.381648540496826,,-6.982861034103995,,
2XZD__G__AB,train,other,-10.938162803649902,,-10.175486267276343,,
2Z58__A__B,train,other,-10.635505676269531,,-13.247394537407224,,
6S29__B__A,train,other,-11.064995765686035,,-11.498906464503,,
3BPL__C__AB,train,other,-8.530075073242188,,-9.596812401959918,,
3C9A__C__A,train,other,-11.068830490112305,,-10.195450163990161,,
3D7U__A__B,train,other,-6.170323848724365,,-6.291267726418048,,
3DVM__B__A,train,other,-11.411266326904297,,-13.695807075155265,,
3EAB__A__G,train,other,-6.713212490081787,,-7.813980243381843,,
3FJU__B__A,train,other,-11.99975299835205,,-13.436659491295522,,
3G7Z__CD__AB,train,other,-14.59603786468506,,-13.52365950553552,,
3H3G__B__A,train,other,-8.191436767578125,,-7.568021502333456,,
3HE7__A__CD,train,tcr_pmhc,-8.906770706176758,,-8.47013969057393,,
3IDC__B__A,train,other,-12.58087921142578,,-13.145506222180153,,
3KW5__B__A,train,other,-8.751015663146973,,-8.54756884793516,,
3LB8__C__A,train,other,-5.703174591064453,,-5.773622143409367,,
3O6Q__BD__AC,train,other,-12.73830509185791,,-11.07856637469057,,
3OJM__B__A,train,other,-9.394282341003418,,-9.868468684866535,,
3ORV__AB__CDEF,train,other,-6.857895374298096,,-6.2147167684913,,
3P6Z__C__AB,train,other,-7.7898030281066895,,-10.830865263443822,,
3QC8__B__A,train,other,-6.75408935546875,,-7.20782205130765,,
3QML__C__A,train,other,-10.758529663085938,,-11.686953850668479,,
3QWQ__B__A,train,other,-11.867544174194336,,-9.619765927832011,,
3S5L__G__ABC,train,tcr_pmhc,-7.197391033172607,,-7.869893079529942,,
3SJA__CD__AB,train,other,-10.599586486816406,,-10.840945042702232,,
3SYN__E__A,train,other,-8.488138198852539,,-9.02591268430534,,
3TQ7__PQ__AB,train,other,-7.945250034332275,,-7.929554096883599,,
3U43__B__A,train,other,-20.46370506286621,,-18.026427110698915,,
3UKW__C__B,train,other,-13.586000442504885,,-13.077925854646306,,
3UYO__D__A,train,other,-7.049734115600586,,-8.259388989146986,,
3VFP__B__AC,train,tcr_pmhc,-5.576738834381104,,-5.3785277990232,,
3VXU__AC__DE,train,tcr_pmhc,-7.907011985778809,,-8.702643307468705,,
3WA5__B__A,train,other,-10.301830291748049,,-10.83458785516041,,
3ZJY__C__AB,train,other,-7.534570693969727,,-7.795082549618883,,
3ZV0__CD__AB,train,other,-5.400518417358398,,-3.667033143133084,,
4APX__B__A,train,other,-7.554656982421875,,-7.260161045790733,,
4BOH__M__HL,train,other,-9.897936820983888,,-10.916811796562687,,
4BXL__C__AB,train,other,-9.03102684020996,,-9.076514355883708,,
4C7N__B__A,train,other,-12.278223037719728,,-12.606306159258928,,
4CMM__B__A,train,other,-8.3176908493042,,-7.497410130737091,,
4DID__B__A,train,other,-7.123891353607178,,-7.461774948657609,,
4DRX__F__AB,train,other,-9.290069580078123,,-8.833867313993863,,
4EUK__B__A,train,other,-7.349493503570557,,-9.214571871014057,,
4HEM__EFG__ABC,train,other,-10.913975715637209,,-9.980223316261755,,
4HMY__C__ABMS,train,other,-6.410555839538574,,-7.351053693153803,,
4IOP__B__A,train,other,-12.51550006866455,,-10.196711806504675,,
4J6G__CD__AB,train,other,-10.624500274658203,,-10.735243379503514,,
4JRA__D__A,train,other,-10.30394172668457,,-9.609830868251576,,
4K1R__B__A,train,other,-6.809502124786377,,-8.538859643043939,,
4KT3__A__B,train,other,-13.076343536376951,,-13.170752524938766,,
4LLO__A__B,train,other,-6.656742572784424,,-7.542427454509834,,
4M0W__B__A,train,other,-7.058512210845947,,-7.0969082847483484,,
4MSM__B__A,train,other,-7.534570693969727,,-8.459652792241627,,
4OZH__ABC__DE,train,tcr_pmhc,-6.283105373382568,,-5.622202837124095,,
4P46__CD__AB,train,tcr_pmhc,-6.132085800170898,,-5.560690900363058,,
4PC0__C__A,train,other,-9.139049530029297,,-9.340361290965937,,
4PJ9__AB__CD,train,tcr_pmhc,-7.6667799949646,,-7.8563314257048855,,
4RE1__D__A,train,other,-8.077459335327148,,-8.469362158023145,,
4THN__I__HL,train,other,-13.70489501953125,,-12.805828109140297,,
4U4C__B__A,train,other,-8.879390716552734,,-10.34828922395991,,
4UU9__C__AB,train,other,-14.80736255645752,,-13.706769690091974,,
4W6Y__B__A,train,antibody_antigen,-12.007205963134766,,-10.657548923762583,,
4X7S__L__H,train,other,-10.913975715637209,,-11.426227816764172,,
4YDH__BD__AC,train,other,-7.630860805511475,,-7.062407795854624,,
4YPI__E__A,train,other,-10.521343231201172,,-10.742668719116201,,
4Z9V__CDEFGH__AB,train,other,-6.713212490081787,,-5.8488152545350705,,
4ZKC__B__A,train,other,-13.175320625305176,,-14.277465321991723,,
4ZW2__B__A,train,other,-11.336625099182127,,-11.823571197682575,,
5B78__B__A,train,other,-7.811462879180908,,-6.539501004625577,,
5C07__ABC__DE,train,tcr_pmhc,-6.999635219573975,,-6.3086202749425855,,
5CFF__FH__AC,train,other,-8.145395278930664,,-7.942351372474909,,
5CZV__HL__A,train,antibody_antigen,-12.991559028625488,,-13.181560177715468,,
5D70__HL__A,train,antibody_antigen,-11.867544174194336,,-12.934095681990476,,
5DFW__H__A,train,other,-12.688902854919434,,-13.256839081053721,,
5E3E__B__A,train,other,-10.079434394836426,,-10.021124379382965,,
5EQL__B__A,train,other,-9.778228759765623,,-10.679738375517216,,
5FZT__B__A,train,other,-5.8918538093566895,,-6.824343286394045,,
5HK5__ABCD__EFGH,train,other,-9.32551097869873,,-9.680395503681057,,
5ITZ__ABF__D,train,other,-9.720176696777344,,-12.29554604551181,,
5J7C__CD__AB,train,other,-13.205711364746094,,-13.654475585451019,,
5JHL__HL__A,train,antibody_antigen,-11.689736366271973,,-10.980367705749636,,
5KWY__CD__AB,train,other,-8.686901092529297,,-9.30315953539394,,
5L6Y__HL__C,train,antibody_antigen,-13.96521282196045,,-13.711318964611056,,
1CSO__E__I,val,other,-10.038557052612305,,-13.657881649750017,,
1REW__AB__C,val,other,-12.511860847473145,,-10.463051281481851,,
2AJF__A__E,val,other,-10.622798919677734,,-10.09067227395431,,
2BTF__A__P,val,other,-7.688126087188721,,-9.096853408184082,,
2J0T__A__D,val,other,-12.814661026000977,,-12.1576802673683,,
3L5X__A__HL,val,other,-12.439257621765137,,-13.810900531031882,,
4MYW__A__B,val,other,-10.52527904510498,,-8.598360308266262,,
1JPS__HL__T,val,antibody_antigen,-13.642470359802246,,-11.555601620137073,,
2A6I__AB__P,val,antibody_antigen,-9.441706657409668,,-9.051346889750725,,
1CZ8__XY__V,val,antibody_antigen,-14.1328125,,-11.554061476243673,,
2UZI__HL__R,val,antibody_antigen,-11.197205543518066,,-10.12952578730458,,
2PTC__E__I,val,other,-18.15886688232422,,-12.460520045253384,,
4Z7V__ABC__DE,val,tcr_pmhc,-7.032559394836426,,-7.476066733561003,,
5M2M__J__I,val,antibody_antigen,-12.037991523742676,,-10.646062654310162,,
6BF4__BC__A,val,antibody_antigen,-9.208094596862791,,-8.755082275092843,,
5BO1__IM__A,val,antibody_antigen,-12.417884826660156,,-11.690642051152945,,
5DMI__HL__A,val,antibody_antigen,-12.334100723266602,,-11.319349609028306,,
2Y06__HL__P,val,antibody_antigen,-8.3176908493042,,-10.349842952169642,,
3GJF__HL__AC,val,tcr_pmhc,-9.823477745056152,,-6.844111762979068,,
5F3B__EF__D,val,antibody_antigen,-15.720052719116213,,-10.403261034551214,,
6B08__BC__A,val,antibody_antigen,-10.635505676269531,,-11.915219433988584,,
5E8D__HL__A,val,antibody_antigen,-11.169208526611328,,-12.054956223904963,,
6B0G__CD__E,val,antibody_antigen,-10.243637084960938,,-11.669773956812566,,
6BKB__HL__E,val,antibody_antigen,-12.037991523742676,,-9.569894183656393,,
6D6U__KL__D,val,antibody_antigen,-11.206839561462402,,-11.20119687370043,,
4JLR__HL__S,val,antibody_antigen,-14.357784271240234,,-12.406875519027304,,
4HWB__HL__A,val,antibody_antigen,-12.6112699508667,,-12.144464294250286,,
3WIH__HL__A,val,antibody_antigen,-10.533687591552734,,-9.867789763136722,,
6B5T__HL__A,val,antibody_antigen,-11.80838680267334,,-11.091602641880078,,
1LW6__I__E,val,other,-15.960285186767578,,-14.404175377813427,,
1OEY__L__C,val,other,-11.456864356994627,,-9.11991943076786,,
2JGZ__B__A,val,other,-4.092741012573242,,-8.413404676857624,,
2MJW__BD__AC,val,other,-7.104464054107666,,-7.246536495159291,,
2W84__B__A,val,other,-9.761054039001465,,-6.626254424954513,,
2XHE__B__A,val,other,-11.471864700317385,,-10.892833055135515,,
2YGG__B__A,val,other,-10.503296852111816,,-10.492770985909138,,
3EGG__C__A,val,other,-10.99648666381836,,-9.690067465540796,,
3O40__B__A,val,other,-12.07886791229248,,-8.53646763821823,,
3RUG__A__EF,val,tcr_pmhc,-7.307653903961182,,-7.802300882156397,,
3SJH__B__A,val,other,-7.460413455963135,,-9.811880932308963,,
3UZ0__B__A,val,other,-8.52901554107666,,-6.28673340343089,,
3V96__B__A,val,other,-12.221753120422363,,-9.403594354000605,,
3ZO0__A__B,val,other,-8.67595386505127,,-10.034268241894516,,
4ASW__C__AB,val,other,-9.549729347229004,,-8.00993359789595,,
4F0A__B__A,val,other,-7.6667799949646,,-9.509998062699056,,
4GH7__B__A,val,other,-11.239790916442873,,-9.65712149412037,,
4H6J__B__A,val,other,-9.169440269470217,,-8.928641422771888,,
4K5A__B__A,val,other,-10.89646339416504,,-9.328006145483307,,
4M38__EF__AB,val,other,-6.713212490081787,,-7.548993874469401,,
4N7Z__B__A,val,other,-9.211432456970217,,-8.932911663330435,,
4OL0__B__A,val,other,-11.361315727233888,,-9.799836547676845,,
4QT8__C__A,val,other,-8.939695358276367,,-10.803709905003958,,
4WFD__C__AB,val,other,-8.030035018920898,,-5.7774803602555185,,
5EJC__EF__A,val,other,-9.148004531860352,,-7.994607896943106,,
5HPK__B__A,val,other,-10.93202304840088,,-7.966037273646414,,
5IVX__ABP__EF,val,tcr_pmhc,-8.550562858581543,,-7.314080123323745,,
5JLV__C__A,val,other,-10.673744201660156,,-10.15279682051697,,
1DAN__HL__TU,val,other,-16.433002471923828,,-10.95164960623082,,
1F47__A__B,val,other,-6.36175537109375,,-11.588570443783958,,
1GL0__E__I,val,other,-11.861573219299316,,-12.732118391879638,,
1XD3__A__B,val,other,-9.10326862335205,,-7.674885398812589,,
1Z7X__W__X,val,other,-18.41984748840332,,-15.91063636673311,,
3BIW__A__E,val,other,-9.402509689331056,,-10.394390059659147,,
3SE3__B__A,val,other,-10.257901191711426,,-7.4704567474507755,,
3W2D__A__HL,val,other,-12.595647811889648,,-10.424501014493703,,
1HH6__AB__C,val,antibody_antigen,-8.877099990844727,,-8.759423084918208,,
3SDY__HL__AB,val,antibody_antigen,-12.484129905700684,,-11.200963506246538,,
3R1G__HL__B,val,antibody_antigen,-12.12277603149414,,-12.548006724247465,,
2DD8__HL__S,val,antibody_antigen,-10.503296852111816,,-11.56958788431567,,
4G6J__HL__A,val,antibody_antigen,-11.436477661132812,,-13.462104855083169,,
2FJU__B__A,val,other,-7.245671272277832,,-9.386804907684104,,
4H1L__ABC__DE,val,tcr_pmhc,-6.025608062744141,,-6.286427561048903,,
4KHX__HL__A,val,antibody_antigen,-11.42795753479004,,-10.625889178330153,,
4N8C__HL__X,val,antibody_antigen,-12.821111679077148,,-10.791980539874203,,
5BOZ__I__C,val,antibody_antigen,-12.489547729492188,,-9.509297359062478,,
6CDP__AB__C,val,antibody_antigen,-11.985122680664062,,-10.582243897667652,,
5C0N__CD__B,val,antibody_antigen,-7.345173835754394,,-11.662199737705778,,
2MPA__HL__P,val,antibody_antigen,-10.969853401184082,,-8.996633202898328,,
6FGB__HL__AB,val,antibody_antigen,-13.955084800720217,,-12.377952894525006,,
4ZS7__HL__A,val,antibody_antigen,-14.567130088806152,,-15.324351056601786,,
5VPL__CD__A,val,antibody_antigen,-10.599586486816406,,-10.317269652202487,,
4YHZ__HL__P,val,antibody_antigen,-10.857505798339844,,-11.820480508827957,,
5TE7__HL__G,val,antibody_antigen,-11.66607666015625,,-9.392357214032893,,
4NP4__HL__A,val,antibody_antigen,-14.626428604125977,,-10.552384298273502,,
4FFZ__YZ__X,val,antibody_antigen,-8.705132484436035,,-9.844748664850183,,
6B5O__HL__A,val,antibody_antigen,-11.366379737854004,,-9.958750931279871,,
3BZD__A__B,val,tcr_pmhc,-9.573915481567385,,-8.730793087758492,,
1KIG__I__HL,val,other,-13.294215202331545,,-10.07460879542526,,
1SHY__A__B,val,other,-9.612154006958008,,-9.664395905711107,,
1Z92__A__B,val,other,-10.913975715637209,,-10.836122320019454,,
2IFG__EF__AB,val,other,-12.34064769744873,,-9.504033252047973,,
2L2L__B__A,val,other,-10.78652572631836,,-7.962702354169723,,
2M0G__B__A,val,other,-9.653030395507812,,-6.660650915209888,,
2MV7__B__A,val,other,-12.014753341674805,,-9.082198174742048,,
2V1D__C__AB,val,other,-9.960408210754396,,-13.243692934792183,,
2YQ7__B__A,val,other,-10.171732902526855,,-8.565448714081331,,
3AU4__B__A,val,other,-8.561637878417969,,-10.397015305947004,,
3K2U__HL__A,val,antibody_antigen,-13.36400032043457,,-10.590128171876819,,
3KPR__AC__DE,val,tcr_pmhc,-7.945250034332275,,-7.651941123994553,,
3SDC__AB__CD,val,tcr_pmhc,-6.781702518463135,,-7.385186746345491,,
3T6G__B__A,val,other,-10.26306438446045,,-8.16704706673697,,
3TL8__B__A,val,other,-7.443238735198975,,-7.293063969412109,,
3TVM__CD__AB,val,tcr_pmhc,-9.938311576843262,,-8.191332892294529,,
3VWJ__AB__CD,val,other,-8.363882064819336,,-8.241718013132324,,
4CDK__E__A,val,other,-7.805193424224853,,-11.195040396571242,,
4D0G__C__A,val,other,-7.8372273445129395,,-6.852592673300784,,
4GRL__ACD__B,val,tcr_pmhc,-5.201163291931152,,-9.154683758475095,,
4K81__B__A,val,other,-7.426548004150391,,-8.436941795310707,,
4KJY__B__A,val,other,-14.166409492492676,,-8.463401671145874,,
4PJ2__D__A,val,other,-14.08980941772461,,-9.464349522424305,,
4XXB__B__A,val,other,-7.953203201293945,,-10.030816481873256,,
4YK4__A__YZ,val,other,-8.784248352050781,,-9.187693424681433,,
4ZGY__B__A,val,other,-8.396806716918945,,-12.353547501009118,,
4ZRJ__B__A,val,other,-7.554656982421875,,-11.429335410568353,,
5ABV__B__A,val,other,-12.665664672851562,,-10.437434971009157,,
5CTR__C__A,val,other,-8.261221885681152,,-7.9245219430016896,,
5FUG__C__AB,val,other,-11.400394439697266,,-9.185254638397122,,
5GLH__B__A,val,other,-14.575655937194824,,-10.778398694110313,,
1CHO__EFG__I,val,other,-15.173182487487791,,-10.075297519380946,,
1JCK__A__B,val,other,-7.53078031539917,,-9.063911117629182,,
1K8R__A__B,val,other,-9.254559516906738,,-8.709208869242147,,
1MAH__A__F,val,other,-17.200822830200195,,-13.216891237605331,,
1NMB__N__HL,val,other,-10.01124668121338,,-8.969546136884494,,
2BDN__HL__A,val,other,-12.40418815612793,,-10.363208239758155,,
3NVN__B__A,val,other,-11.128769874572754,,-10.958317306604695,,
4ZS6__HL__A,val,other,-8.871114730834961,,-11.28384651048509,,
5TAR__A__B,val,other,-7.688126087188721,,-8.778544649948955,,
2QHR__HL__P,val,antibody_antigen,-10.077987670898438,,-10.814711783331346,,
3OGO__G__B,val,antibody_antigen,-12.565021514892578,,-11.797650767178077,,
1HEZ__CD__E,val,antibody_antigen,-9.329583168029783,,-9.66496324520682,,
3EYU__HL__Q,val,antibody_antigen,-10.22094440460205,,-9.146335904881534,,
3EYF__AB__E,val,antibody_antigen,-9.55423641204834,,-9.42694427580357,,
3L95__AB__X,val,antibody_antigen,-11.735334396362305,,-12.64579520806939,,
2OZA__B__A,val,other,-11.81405544281006,,-9.338372348006438,,
1JIW__P__I,val,other,-15.653912544250488,,-12.674648172121051,,
5IP4__A__E,val,antibody_antigen,-8.657270431518555,,-7.45607941638368,,
5MY6__B__A,val,antibody_antigen,-11.45834732055664,,-11.330571193179148,,
3LHP__HL__S,val,antibody_antigen,-15.177164077758787,,-12.001730602872177,,
4DKF__HL__A,val,antibody_antigen,-11.607884407043455,,-11.715087942452845,,
5OMM__C__AB,val,antibody_antigen,-10.890738487243652,,-10.817674767279644,,
6MFT__AB__C,val,antibody_antigen,-7.691996097564697,,-9.283350560690478,,
4I3R__HL__G,val,antibody_antigen,-10.810911178588867,,-10.637417283767933,,
3LEV__HL__A,val,antibody_antigen,-12.58087921142578,,-11.615173390370327,,
5TE4__HL__G,val,antibody_antigen,-10.919930458068848,,-10.567267269715455,,
4D9Q__DE__B,val,antibody_antigen,-14.355806350708008,,-13.420844200517351,,
4Y7M__A__C,val,other,-11.996061325073242,,-9.048695897176035,,
1A3B__I__HL,val,other,-12.991559028625488,,-12.06158229698837,,
1IHS__I__HL,val,other,-12.991559028625488,,-13.280326562989742,,
2B2W__D__ABC,val,other,-7.231914520263672,,-7.5533310924523835,,
2DEN__B__A,val,other,-6.506845951080322,,-4.846725286151531,,
2K8C__B__A,val,other,-3.744486331939697,,-6.813734010768297,,
2OT8__D__B,val,other,-10.503296852111816,,-12.009368817049305,,
3BLH__B__A,val,other,-8.898818016052246,,-8.794745478152727,,
3G3B__B__A,val,other,-10.188907623291016,,-11.789093473398177,,
3RBB__B__A,val,other,-10.7913236618042,,-7.586373033253997,,
3RO2__B__A,val,other,-10.009810447692873,,-9.71437013741472,,
3TEI__B__A,val,other,-8.596160888671875,,-7.416461466666436,,
3TZ1__B__A,val,other,-9.34615707397461,,-6.8030154678058326,,
3WO3__A__B,val,other,-9.76957893371582,,-8.980150100933864,,
4EI5__AB__CD,val,tcr_pmhc,-6.486295223236084,,-8.774901420557098,,
4FTG__E__ABCD,val,other,-10.26306438446045,,-8.42184045278793,,
4PBW__E__B,val,other,-8.538615226745605,,-8.916235541444852,,
4R8W__HL__AB,val,antibody_antigen,-13.284421920776367,,-9.689239199298633,,
1EFN__A__B,val,other,-8.754354476928711,,-7.520691422880992,,
1JRH__HL__I,val,other,-10.700830459594728,,-12.396970278461676,,
1MHP__HL__A,val,other,-10.86841869354248,,-10.830316752928676,,
1SBN__E__I,val,other,-14.000503540039062,,-16.987394957912695,,
3F1S__A__B,val,other,-11.832680702209473,,-11.370424554660003,,
3KUD__A__B,val,other,-7.867132663726807,,-8.763715527194007,,
3QDJ__ABC__DE,val,tcr_pmhc,-5.954030513763428,,-6.278506677595059,,
3SZK__AB__C,val,other,-10.060986518859863,,-9.932393169144124,,
3L5W__AB__J,val,antibody_antigen,-14.007551193237305,,-15.390433487366039,,
1WEJ__HL__F,val,antibody_antigen,-10.642958641052246,,-10.910474668313638,,
3PP4__HL__P,val,antibody_antigen,-7.032559394836426,,-10.316718474386533,,
1FSK__BC__A,val,antibody_antigen,-13.21180248260498,,-10.610237747012777,,
1M27__AB__C,val,other,-7.448015213012695,,-6.997052887285573,,
2X9A__D__C,val,other,-7.303977012634277,,-10.493643506956943,,
2OOR__AB__C,val,other,-10.706849098205566,,-7.2163532729569715,,
5KOV__CC__A,val,antibody_antigen,-11.907363891601562,,-13.232852151406444,,
5WI9__HL__A,val,antibody_antigen,-13.731830596923828,,-8.943713037456908,,
3QWO__HL__P,val,antibody_antigen,-9.63223934173584,,-11.383071541327748,,
4R2G__MN__A,val,antibody_antigen,-10.188907623291016,,-9.355573649054547,,
5DFV__CD__A,val,antibody_antigen,-12.688902854919434,,-12.932177139457712,,
5HDQ__HL__A,val,antibody_antigen,-12.17020034790039,,-12.06062068596898,,
1MPA__HL__P,val,antibody_antigen,-10.969853401184082,,-8.562274970561502,,
6CWG__B__A,val,other,-13.642470359802246,,-11.369540662395073,,
1HIA__AB__I,val,other,-10.758529663085938,,-12.399645878908574,,
1ZSG__B__A,val,other,-6.991682529449463,,-7.6491644588562355,,
2FYL__A__B,val,other,-7.575448036193848,,-9.43789765563013,,
2H62__AB__CD,val,other,-7.59699535369873,,-12.830419358128376,,
2J8S__DE__ABC,val,other,-10.30394172668457,,-15.881682600668723,,
2K3U__B__A,val,other,-11.017277717590332,,-8.888233669963157,,
2LXP__BC__A,val,other,-10.123007774353027,,-10.50956903214497,,
2QXV__B__A,val,other,-8.758761405944824,,-11.358228031126838,,
2RR3__B__A,val,other,-7.7458953857421875,,-9.90181082803573,,
2W80__H__G,val,other,-11.456864356994627,,-12.102034307028415,,
2WP3__O__T,val,other,-8.322151184082031,,-7.5472595603474435,,
2WY3__B__A,val,tcr_pmhc,-9.795915603637695,,-8.417234566684337,,
3CX8__B__A,val,other,-8.824660301208496,,-9.836562835476665,,
3GJ7__B__A,val,other,-7.364123344421387,,-7.097257926709944,,
3K9M__C__A,val,other,-11.867544174194336,,-9.33337305527606,,
3MCA__B__A,val,other,-8.74337100982666,,-10.889661556048583,,
3PNR__B__A,val,other,-10.810911178588867,,-12.1503599508771,,
3RDZ__C__A,val,other,-11.691934585571287,,-11.920479341675913,,
3THM__HL__F,val,other,-12.900226593017578,,-12.266730631314568,,
4AFQ__C__A,val,other,-11.759521484375,,-10.730129697885587,,
4DBG__B__A,val,other,-8.57292366027832,,-8.464138665443405,,
4MIT__E__A,val,other,-9.208094596862791,,-7.2548980558995995,,
4NM3__B__A,val,other,-5.759644508361816,,-8.335179020044032,,
4PW9__B__A,val,other,-6.643427848815918,,-10.21716417344714,,
4QLP__B__A,val,other,-13.1489839553833,,-14.153353774308055,,
4XNM__C__HL,val,other,-11.046185493469238,,-10.87401997699967,,
5AOQ__LM__AB,val,other,-11.442234992980955,,-7.809481561795012,,
5F5S__B__A,val,other,-10.446826934814451,,-8.151842707779277,,
5FQD__C__AB,val,other,-9.082579612731934,,-8.521552400936102,,
5JTN__EF__ABCD,val,other,-6.953444480895996,,-9.910145542849644,,
1HE8__A__B,test,other,-7.891330718994141,,-8.908939928800647,,
1N8Z__AB__C,test,other,-12.112139701843262,,-9.814302041623352,,
1SMF__E__I,test,other,-8.946138381958008,,-11.178591709426435,,
1YY9__CD__A,test,other,-12.112139701843262,,-9.224328208999744,,
2B0Z__A__B,test,other,-5.454242706298828,,-10.100066028658961,,
2KSO__A__B,test,other,-7.205049991607666,,-8.18769670979553,,
2O3B__A__B,test,other,-15.673925399780272,,-12.82169550022938,,
3BE1__HL__A,test,other,-10.342643737792969,,-9.714688702377238,,
3NGB__HL__G,test,other,-11.235163688659668,,-10.16952361413897,,
3Q3J__A__B,test,other,-7.029021739959717,,-7.220336557264696,,
3U82__A__B,test,other,-10.776342391967772,,-10.71243322261757,,
4G2V__A__B,test,other,-9.488483428955078,,-9.593829381415215,,
4KRP__A__B,test,other,-9.244793891906738,,-9.301529682112035,,
4NZW__A__B,test,other,-8.587118148803711,,-11.977368292018514,,
2P42__D__C,test,antibody_antigen,-10.595242500305176,,-11.948346443592254,,
3ETB__II__M,test,antibody_antigen,-14.264473915100098,,-11.961932064628314,,
3MAC__HL__A,test,antibody_antigen,-9.23100757598877,,-11.330018213344394,,
1P4B__HL__P,test,antibody_antigen,-13.947468757629396,,-9.921331391832469,,
3EYS__HL__Q,test,antibody_antigen,-7.408215522766113,,-8.97140031101947,,
1EZU__C__AB,test,other,-13.867080688476562,,-11.218794532640974,,
2TGP__Z__I,test,other,-7.589636325836182,,-11.641161275420108,,
3F1P__A__B,test,other,-7.84818172454834,,-7.055550099648619,,
1K5D__AB__C,test,other,-12.86083698272705,,-9.492807847163322,,
1GPW__A__B,test,other,-11.40062141418457,,-8.598740921154855,,
5TOJ__E__B,test,antibody_antigen,-10.420490264892578,,-12.566294896041516,,
5O2U__D__C,test,antibody_antigen,-12.498072624206545,,-8.256961231164084,,
6MHR__AB__C,test,antibody_antigen,-10.446826934814451,,-9.55836625252992,,
5YWY__HL__A,test,antibody_antigen,-9.862343788146973,,-8.351968319537571,,
5VYF__AB__C,test,antibody_antigen,-13.271611213684082,,-10.618692282807968,,
4K9E__HL__C,test,antibody_antigen,-15.271135330200195,,-11.772541417385051,,
3P0G__B__A,test,antibody_antigen,-13.745772361755373,,-11.726001608563351,,
2J6E__IM__B,test,antibody_antigen,-8.488138198852539,,-10.851988930470858,,
5KW9__HL__A,test,antibody_antigen,-10.488666534423828,,-11.338659361799063,,
5J3H__CD__E,test,antibody_antigen,-11.735334396362305,,-11.66817671823925,,
5CJQ__HL__AB,test,antibody_antigen,-12.688902854919434,,-10.073876814123608,,
5IES__HL__C,test,antibody_antigen,-8.777772903442383,,-9.602766367082008,,
1IJK__A__BC,test,other,-10.420490264892578,,-8.913980025291261,,
1XU1__ABD__T,test,other,-11.178394317626951,,-8.166007452590577,,
1F7Z__I__A,test,other,-6.693784713745117,,-9.753077839958449,,
1K93__D__A,test,other,-10.503296852111816,,-10.16932881817418,,
1L4Z__A__B,test,other,-9.149209022521973,,-10.416754900942772,,
1P1Z__P__A,test,other,-5.589197158813477,,-7.555526789077195,,
1PJM__A__B,test,other,-9.2014741897583,,-11.801934578358988,,
1U0S__Y__A,test,other,-9.05624294281006,,-9.783298183075585,,
2BE6__A__D,test,other,-11.705299377441406,,-15.760863854209653,,
2IBF__BD__A,test,other,-11.061185836791992,,-11.147291876960356,,
2JU0__B__A,test,other,-9.549729347229004,,-7.784110211867518,,
2KQS__B__A,test,other,-5.807974338531494,,-7.987555865160443,,
2LUH__B__A,test,other,-8.396806716918945,,-8.603649980531092,,
2N2H__B__A,test,other,-8.228479385375977,,-7.298910202082679,,
2ODY__E__AB,test,other,-11.92996883392334,,-14.288860797079757,,
2OMY__B__A,test,other,-9.139049530029297,,-6.351319918430997,,
2QEJ__AB__CD,test,other,-12.221753120422363,,-9.856896984694389,,
2WH6__B__A,test,other,-10.56572151184082,,-10.359022217504505,,
2Y0B__G__AB,test,other,-11.216632843017578,,-10.57375782704758,,
3ALZ__B__A,test,other,-8.57292366027832,,-9.874395369073966,,
3D39__ABC__DE,test,tcr_pmhc,-8.44990062713623,,-6.932231302878451,,
3DXC__B__A,test,other,-9.082579612731934,,-10.03464178612573,,
3G9W__D__A,test,other,-6.062301158905029,,-10.279131115990571,,
3MHP__C__AB,test,other,-7.586123943328857,,-9.867222657825888,,
3QS7__EF__AB,test,other,-10.092617988586426,,-10.923691325616941,,
3REB__B__A,test,other,-9.573915481567385,,-7.17072419403224,,
3TJZ__BC__A,test,other,-8.185482025146484,,-6.314803440449678,,
3TU3__B__A,test,other,-9.882776260375977,,-9.706391011665774,,
3VFS__B__AC,test,tcr_pmhc,-5.046308994293213,,-5.302738680590129,,
3VUX__G__A,test,other,-6.883659362792969,,-7.6998024028496665,,
3VYS__C__AB,test,other,-7.805193424224853,,-10.52623891835144,,
3WRY__C__A,test,other,-8.879390716552734,,-10.989137418296732,,
4CT0__B__A,test,other,-10.30394172668457,,-10.722052431222533,,
4HFF__B__A,test,other,-13.056181907653809,,-11.226314189435374,,
4HRL__A__C,test,other,-12.278223037719728,,-8.539345312995122,,
4KV5__EG__CD,test,other,-11.963833808898926,,-11.178836308084438,,
4NOO__B__A,test,other,-11.334211349487305,,-11.971350476927144,,
4P6I__CDEF__AB,test,other,-8.918904304504395,,-6.577252490070608,,
4XVP__D__A,test,other,-11.42795753479004,,-11.329107028883689,,
4YIZ__A__B,test,other,-11.046185493469238,,-8.72670598771704,,
5A6W__C__AB,test,other,-10.243637084960938,,-8.503532826439196,,
5AYS__C__A,test,other,-12.679497718811035,,-11.674041540022944,,
5DHA__ABC__D,test,other,-8.33269214630127,,-11.856870123492811,,
5E6J__BC__A,test,other,-6.709766387939453,,-8.33960900701917,,
5FR2__B__A,test,other,-9.34615707397461,,-8.262295131467404,,
5H3J__B__A,test,other,-8.96124267578125,,-10.692223814251552,,
5JTP__EFGH__ABCD,test,other,-5.999876499176025,,-8.114880491606408,,
1BJ1__HL__VW,test,other,-11.54734230041504,,-14.918252987201384,,
1NCA__N__HL,test,other,-9.955397605895996,,-10.776934093300948,,
1TM1__E__I,test,other,-15.952255249023438,,-14.08710478314373,,
2NOJ__A__B,test,other,-10.753116607666016,,-12.91351020922557,,
3AAA__AB__C,test,other,-10.293463706970217,,-9.789559740309372,,
3EQS__A__B,test,other,-11.583243370056152,,-8.991949254775129,,
3IDX__HL__G,test,other,-8.912378311157227,,-10.999117710475021,,
3Q8D__A__E,test,other,-9.847429275512695,,-9.649931768905374,,
4O27__A__B,test,other,-10.365869522094728,,-13.086433492795532,,
4PWX__AB__CD,test,other,-8.546260833740234,,-10.190799619788528,,
4YFD__A__B,test,other,-8.409748077392578,,-10.934227682516052,,
5M2O__A__B,test,other,-11.376176834106444,,-8.561302076228781,,
2OQJ__DE__F,test,antibody_antigen,-5.046308994293213,,-11.116465259328347,,
1DZB__AA__X,test,antibody_antigen,-8.57292366027832,,-11.279830364717231,,
1PZ5__AB__C,test,antibody_antigen,-7.364123344421387,,-8.794825143887223,,
2R0L__HL__A,test,antibody_antigen,-10.68975830078125,,-11.375601775694053,,
4DN4__HL__M,test,antibody_antigen,-14.20859718322754,,-13.215132603890666,,
1IBR__A__B,test,other,-12.15467929840088,,-8.499371563427873,,
3L89__ABC__M,test,other,-8.926797866821289,,-10.681836701284576,,
1PVH__A__B,test,other,-9.584518432617188,,-11.782367193145676,,
4QRP__AC__DE,test,tcr_pmhc,-7.647352695465088,,-5.369177606946776,,
2NY3__CD__A,test,antibody_antigen,-8.306685447692871,,-8.965401942155106,,
5HGG__T__A,test,antibody_antigen,-14.007551193237305,,-11.505332580872693,,
5KN5__DE__F,test,antibody_antigen,-13.6307373046875,,-10.872061231142577,,
1ZA3__HL__R,test,antibody_antigen,-10.188907623291016,,-10.483920982330353,,
6DF2__HL__D,test,antibody_antigen,-9.880701065063477,,-9.970097737188404,,
1NSN__HL__S,test,antibody_antigen,-13.642470359802246,,-9.930082212114717,,
5D72__MN__B,test,antibody_antigen,-15.30937385559082,,-13.799088211155256,,
6MLK__HL__A,test,antibody_antigen,-10.758529663085938,,-12.180665084970517,,
1R6Q__A__C,test,other,-8.842348098754883,,-8.46257528418186,,
3DAW__A__B,test,other,-6.410555839538574,,-11.00055136967295,,
1UEL__B__A,test,other,-7.460413455963135,,-6.945776685359162,,
1XWD__DE__F,test,other,-4.65367603302002,,-13.172691277190136,,
2A7U__B__A,test,other,-9.441706657409668,,-7.976899657235004,,
2KXH__A__B,test,other,-6.621880531311035,,-8.127445089838027,,
2ONL__C__A,test,other,-11.216632843017578,,-8.875010451798236,,
2PCC__B__A,test,other,-7.907011985778809,,-8.752411855015662,,
2RMK__A__B,test,other,-9.235340118408203,,-9.468081947152859,,
2VDA__B__A,test,other,-7.534570693969727,,-8.944729928452247,,
3EJH__E__A,test,other,-7.231914520263672,,-8.312539866366173,,
3OUX__B__A,test,other,-10.171732902526855,,-11.151263810190514,,
3RGV__DE__AC,test,tcr_pmhc,-6.581003189086914,,-8.816832832142333,,
3SO3__BC__A,test,other,-12.833081245422363,,-12.61040797324644,,
3WN5__C__AB,test,other,-7.907011985778809,,-9.407683685297194,,
3WWQ__AH__C,test,other,-6.063949108123779,,-7.071678759259979,,
4EEF__AB__G,test,other,-12.58087921142578,,-13.127728122718139,,
4F38__B__A,test,other,-11.647397994995115,,-9.226555772103834,,
4GIQ__A__R,test,other,-7.74872350692749,,-10.538585957979087,,
4JW2__B__A,test,other,-11.503055572509766,,-10.359729267299022,,
4M6B__C__A,test,other,-11.116896629333496,,-9.808279325741507,,
4MP0__B__A,test,other,-10.99648666381836,,-10.0746569180633,,
4PJD__AB__EF,test,tcr_pmhc,-7.718332767486572,,-7.888458118921281,,
4PP8__CD__AB,test,other,-8.612987518310547,,-7.378802036827338,,
5B64__B__A,test,other,-9.761054039001465,,-10.938673000094587,,
5D1Z__I__CD,test,other,-16.37096405029297,,-12.274452205814395,,
5D93__BC__A,test,other,-10.635505676269531,,-11.6434769166359,,
5DJT__B__A,test,other,-10.599586486816406,,-9.238338860190629,,
5H6R__C__AB,test,other,-7.09498405456543,,-10.811392359105108,,
1KNE__A__P,test,other,-6.5035719871521,,-7.1850516075388375,,
1MQ8__A__B,test,other,-7.53078031539917,,-9.744242087317975,,
2HRK__A__B,test,other,-9.920890808105469,,-8.766080332930311,,
2OOB__A__B,test,other,-5.829092979431152,,-4.6060734871243865,,
3BK3__A__C,test,other,-10.441571235656738,,-8.94657299456563,,
3EQY__A__C,test,other,-11.00472640991211,,-8.542511570942901,,
3KBH__A__E,test,other,-9.773308753967283,,-8.532042940403441,,
3MZW__A__B,test,other,-14.505928993225098,,-12.683571617640887,,
3WWN__A__B,test,other,-7.891512393951416,,-7.49297877811221,,
4EKD__A__B,test,other,-10.441571235656738,,-11.040338476325841,,
4LRX__AB__CD,test,other,-6.467328071594238,,-9.9998114180728,,
4RS1__A__B,test,other,-10.39251708984375,,-8.408819080121418,,
4X4M__AB__E,test,other,-10.984186172485352,,-10.935076273690905,,
1EER__A__BC,test,other,-15.700413703918455,,-12.921032360405547,,
4HX3__BD__A,test,other,-7.407031536102295,,-13.21585102796772,,
2UUY__A__B,test,other,-11.333025932312012,,-12.15240700343993,,
1NB5__AP__I,test,other,-13.95530891418457,,-12.058659100897474,,
4G6M__HL__A,test,antibody_antigen,-13.005099296569824,,-10.852808433730946,,
1ZM4__A__B,test,other,-8.083901405334473,,-10.369141693334846,,
4MJI__AC__DE,test,tcr_pmhc,-5.576014041900635,,-6.972518567437682,,
1FYT__ABC__DE,test,tcr_pmhc,-5.867667198181152,,-7.859578152411467,,
3O4L__AC__DE,test,tcr_pmhc,-6.781148433685303,,-5.216790977208946,,
6H7O__D__B,test,antibody_antigen,-13.443115234375,,-9.96692461401814,,
5Y7Z__D__B,test,antibody_antigen,-10.658151626586914,,-11.227735991607089,,
1UWX__HL__P,test,antibody_antigen,-7.907011985778809,,-13.033224200189983,,
5A2J__HH__P,test,antibody_antigen,-7.9861273765563965,,-8.862090597155323,,
3IDY__BC__A,test,antibody_antigen,-11.450968742370604,,-10.387527892588233,,
3FN0__HL__P,test,antibody_antigen,-5.999876499176025,,-11.001223334783951,,
1QFW__IM__B,test,antibody_antigen,-10.913975715637209,,-9.382568240891556,,
5CD5__CD__A,test,antibody_antigen,-8.920950889587402,,-9.82849084508569,,
4M62__IM__T,test,antibody_antigen,-11.71897315979004,,-11.354042805204504,,
4WEU__E__A,test,antibody_antigen,-7.154282093048096,,-10.723014487742397,,
2A6D__AB__P,test,antibody_antigen,-9.309496879577637,,-9.447016786588387,,
1SM3__HL__P,test,antibody_antigen,-6.302533149719238,,-9.804834855378235,,
5SV3__C__D,test,antibody_antigen,-13.919047355651855,,-10.770885847605701,,
3K75__D__B,test,other,-9.49325942993164,,-10.59203806535902,,
1B3S__D__A,test,other,-13.549448013305664,,-11.666042108676805,,
1EFX__D__AC,test,tcr_pmhc,-6.851625442504883,,-8.1195999294738,,
1FLT__XY__VW,test,other,-12.097787857055664,,-11.084117520337731,,
1NM5__C__AB,test,other,-9.85238552093506,,-7.800015451272662,,
1Q0W__B__A,test,other,-4.853336334228516,,-4.547972506615818,,
1SQ0__A__B,test,other,-10.26306438446045,,-10.840405456331528,,
1TT5__E__AB,test,other,-6.354085922241211,,-7.73101646567412,,
1VSQ__C__AB,test,other,-4.503420352935791,,-9.221640517498006,,
1ZGU__B__A,test,other,-5.468957901000977,,-6.592894909843428,,
2F31__B__A,test,other,-9.537996292114258,,-6.697388169649109,,
2I3S__B__A,test,other,-7.426548004150391,,-9.007850963909592,,
2IJ0__CE__AB,test,other,-13.294215202331545,,-9.656618264796805,,
2JOD__A__B,test,other,-8.807485580444336,,-8.857218517269285,,
2LWW__B__A,test,other,-9.882776260375977,,-9.98732081128543,,
2MCN__B__A,test,other,-7.805193424224853,,-2.4814883571276436,,
2NQD__A__B,test,other,-14.200359344482422,,-9.524152187911785,,
2PJY__BC__A,test,other,-8.596160888671875,,-11.736026497611789,,
2PX9__B__A,test,other,-5.536780834197998,,-9.767108401109711,,
2V4Z__B__A,test,other,-8.05327320098877,,-9.18765481577051,,
2XQW__C__AB,test,other,-9.2014741897583,,-10.08889657079706,,
2Z34__CD__AB,test,other,-8.254526138305664,,-11.124996227316773,,
3D5S__AB__CD,test,other,-10.34784984588623,,-12.00424982001807,,
3MA2__C__D,test,other,-7.933517456054687,,-11.98499079602444,,
3O6B__B__A,test,other,-9.064022064208984,,-8.408654049598345,,
3ONW__C__A,test,other,-11.78473663330078,,-10.392969869741586,,
3SGK__C__AB,test,other,-11.647397994995115,,-11.191603189780121,,
3SRI__B__A,test,other,-9.253026962280272,,-10.408332772712312,,
3VFN__B__AC,test,tcr_pmhc,-5.0829691886901855,,-6.285367189096776,,
3W8I__B__A,test,other,-11.824694633483888,,-8.34804994340314,,
4AYD__D__A,test,other,-8.303061485290527,,-12.279446166739135,,
4BSR__CD__AB,test,other,-11.867544174194336,,-9.20114156059326,,
4DH2__B__A,test,other,-10.213820457458496,,-10.48007602384427,,
4DXA__B__A,test,other,-7.8372273445129395,,-7.657231262522153,,
4HDO__B__A,test,other,-8.79079532623291,,-5.123617653997371,,
4HKX__AB__E,test,antibody_antigen,-8.79079532623291,,-9.791442803823193,,
4ILW__A__D,test,other,-11.236719131469728,,-11.610604852842803,,
4LGP__B__A,test,other,-13.1489839553833,,-9.844099739435022,,
4U32__X__A,test,other,-8.760322570800781,,-10.469984201109263,,
4UI0__C__AB,test,other,-9.625468254089355,,-11.306629981759452,,
4ZI3__CD__AB,test,other,-8.699462890625,,-9.634812662250424,,
5BW7__C__AB,test,other,-9.933762550354004,,-11.04047930686497,,
5D3F__C__AB,test,other,-6.949752807617188,,-9.191079287070673,,
5DC4__B__A,test,other,-10.171732902526855,,-10.717578262655381,,
5DMJ__E__D,test,antibody_antigen,-11.290131568908691,,-10.218286836930494,,
5F3X__B__A,test,other,-11.605976104736328,,-9.309837431897742,,
5FVK__C__A,test,other,-7.8372273445129395,,-9.821061166932246,,
5HHM__IJ__FG,test,tcr_pmhc,-5.046308994293213,,-8.266197510914886,,
5HXB__C__A,test,other,-8.812585830688477,,-6.010181672870766,,
5INB__B__A,test,other,-9.42707633972168,,-10.53858854034728,,
5JH5__AB__CD,test,other,-7.575448036193848,,-9.47025985725559,,
1R0R__E__I,test,other,-14.1677885055542,,-15.238659733287896,,
1YQV__HL__Y,test,other,-14.80029010772705,,-9.321079248806322,,
2B0U__AB__C,test,other,-14.58869457244873,,-13.783879286172382,,
2DSQ__I__G,test,other,-12.794289588928224,,-10.808780157685618,,
3C60__CD__AB,test,tcr_pmhc,-6.709835052490234,,-6.129978674426919,,
3RF3__A__C,test,other,-14.000503540039062,,-6.432893279172809,,
3UII__A__P,test,other,-6.817803382873535,,-7.120669905831608,,
4JGH__ABC__D,test,other,-10.29664707183838,,-7.592443648319423,,
4MNQ__ABC__DE,test,tcr_pmhc,-11.861573219299316,,-7.074927310870308,,
2NYZ__AB__D,test,other,-12.774020195007324,,-9.931351507100999,,
4M76__A__B,test,other,-8.654230117797852,,-9.11570768683288,,
1I4D__D__AB,test,other,-7.5092997550964355,,-8.26152220727446,,
6FE4__F__A,test,antibody_antigen,-10.938162803649902,,-9.829704331664791,,
4YPG__HL__D,test,antibody_antigen,-14.128889083862305,,-12.810283479405378,,
4F9P__DD__B,test,antibody_antigen,-10.673744201660156,,-9.746360691289082,,
2VWE__CE__A,test,antibody_antigen,-13.564837455749512,,-10.59998420119467,,
4XI5__CD__AB,test,antibody_antigen,-12.700872421264648,,-8.500824512286304,,
4AEI__HL__A,test,antibody_antigen,-12.41043186187744,,-12.001524115474666,,
5D1Q__AB__E,test,antibody_antigen,-14.85127067565918,,-10.103530397147594,,
4I2X__CD__F,test,antibody_antigen,-8.077459335327148,,-11.769289175510284,,
1I8I__AB__C,test,antibody_antigen,-10.446826934814451,,-9.726727596239751,,
4JG0__HL__P,test,antibody_antigen,-9.22840976715088,,-10.542148131496564,,
2H9G__HL__S,test,antibody_antigen,-11.324655532836914,,-11.15366041446971,,
5MZV__D__A,test,antibody_antigen,-10.155041694641112,,-13.202783908951922,,
5A2K__HH__P,test,antibody_antigen,-8.658585548400879,,-8.633290360462563,,
4M5Z__HL__A,test,antibody_antigen,-10.913975715637209,,-10.591030380609158,,
1AVA__C__A,test,other,-13.175320625305176,,-8.939869823287667,,
1RY7__A__B,test,other,-9.05624294281006,,-8.795388249569955,,
1Y6N__R__L,test,other,-10.325489044189451,,-7.656943032942808,,
2B7C__A__B,test,other,-8.728370666503906,,-11.770821379209227,,
2I5Y__QR__P,test,antibody_antigen,-11.689736366271973,,-8.776304796308569,,
2KWJ__B__A,test,other,-8.596160888671875,,-9.5659540286034,,
2LQC__B__A,test,other,-7.554656982421875,,-6.523833325362368,,
2O98__AB__PQ,test,other,-12.374512672424316,,-13.634236926017959,,
2PMS__C__A,test,other,-10.89646339416504,,-9.23081147839481,,
2Y9M__B__A,test,other,-11.867544174194336,,-9.019119640844625,,
3AA6__C__AB,test,other,-8.983602523803711,,-10.241376501799643,,
3F4Y__DEF__ABC,test,other,-13.23179054260254,,-9.57353390434272,,
3JVF__AB__C,test,other,-8.91483211517334,,-11.60664115522458,,
3NPZ__A__BC,test,other,-7.505663394927978,,-10.48625807394976,,
3RT0__C__A,test,other,-8.077459335327148,,-10.505654809332698,,
3V62__C__AB,test,other,-9.689391136169434,,-8.624871618317709,,
3VHX__BD__AC,test,other,-6.581003189086914,,-8.42979835725689,,
3WQB__B__A,test,other,-11.92996883392334,,-13.789433285390961,,
4AYI__D__AE,test,other,-11.867544174194336,,-10.827247712993044,,
4DZV__B__A,test,other,-10.857505798339844,,-9.154149171915018,,
4EKC__B__A,test,other,-10.446826934814451,,-10.618207812043256,,
4FAO__CDEF__AB,test,other,-14.550439834594728,,-11.349367210221434,,
4G01__B__A,test,other,-7.460413455963135,,-9.712754258536071,,
4GEH__B__A,test,other,-10.820953369140623,,-8.978656552245623,,
4GMS__IM__C,test,antibody_antigen,-10.503296852111816,,-11.665670803508133,,
4H3P__B__A,test,other,-7.774802684783935,,-8.698331456215218,,
4IHH__GHL__ABC,test,other,-9.862343788146973,,-7.692755396359427,,
4KDI__C__A,test,other,-8.388401985168457,,-7.487095054913739,,
4ODX__X__BH,test,other,-11.850030899047852,,-10.159953712243468,,
4PJH__AB__EF,test,tcr_pmhc,-5.046308994293213,,-7.633532841534608,,
5EG3__B__A,test,other,-9.37192153930664,,-8.385054053382834,,
5GZN__CD__BG,test,other,-7.187414169311523,,-11.641697834910449,,
5IFS__BD__AC,test,other,-13.23179054260254,,-6.8171876706065015,,
5K22__B__A,test,other,-10.371088027954102,,-8.175551294244574,,
